2
3
4
5
6
7
8
9
10
11
12
13
14
15
16
17
18
19
20
21
2
3
4
5
6
7
8
9
10
12
13
14
15
16
17
18
19
4
5
6
7
8
9
10
11
12
13
14
15
16
19
20
21
22
1
4
5
6
7
8
9
11
12
13
14
16
17
18
19
20
21
22
23
24
25
26
27
28
29
30
1
4
5
6
7
8
9
10
11
12
13
14
15
16
17
18
19
20
21
2
3
5
6
7
8
9
10
11
12
13
14
15
16
17
18
19
20
21
2
3
4
5
6
7
8
9
10
12
13
15
16
17
18
19
20
21
3
4
6
7
8
9
10
11
12
13
14
16
17
18
19
20
21
22
23
24
25
26
2
3
5
6
9
10
11
12
13
14
15
16
17
18
19
20
21
22
23
24
25
26
27
2
3
4
5
7
9
10
11
13
14
15
16
17
18
19
20
21
22
23
24
25
26
27
28
4
5
7
8
9
10
11
12
13
14
15
16
17
18
19
20
2
3
5
6
7
8
9
10
11
12
13
14
15
16
18
19
20
21
2
3
5
6
7
8
10
11
12
13
14
15
16
17
18
19
20
21
2
5
6
7
8
9
10
11
12
13
14
15
16
17
18
19
20
21
22
23
24
25
26
4
5
6
7
8
9
10
11
12
14
15
16
17
19
20
21
22
23
24
6
7
8
9
10
11
12
13
14
15
16
17
19
20
21
22
23
3
4
5
6
7
8
9
10
11
13
14
15
16
17
18
19
20
21
22
2
3
4
5
6
7
8
9
10
11
12
13
14
15
16
17
18
19
20
21
22
23
2
3
4
5
6
7
8
9
10
11
12
13
14
15
16
17
18
19
2
3
4
5
6
7
8
9
10
11
12
13
14
16
17
18
19
20
21
22
2
3
4
5
6
7
8
9
10
11
12
13
14
15
16
17
18
19
3
4
5
6
7
8
9
10
11
12
13
14
15
16
17
18
19
20
21
3
5
6
7
8
9
10
11
12
13
14
15
16
17
18
19
20
21
22
4
5
6
7
8
9
11
12
13
14
15
17
18
19
20
21
22
23
24
25
26
27
28
1
3
4
5
6
7
8
9
10
11
12
13
14
15
17
18
19
21
22
23
24
25
27
28
29
2
3
4
5
6
7
8
9
10
11
12
13
14
15
16
17
18
19
20
22
23
24
2
4
5
6
7
8
9
10
11
12
13
14
15
16
17
18
19
4
5
6
7
10
11
12
13
14
15
16
17
18
4
5
6
7
8
10
11
12
13
14
15
16
2
4
5
6
7
8
9
10
11
12
13
14
15
16
17
18
19
20
21
22
3
4
6
7
9
11
12
13
14
15
17
18
19
20
21
22
23
2
3
4
5
6
7
8
10
11
12
13
14
15
16
17
18
19
4
5
6
7
8
9
10
11
12
13
15
16
17
18
19
20
3
5
7
8
9
10
11
12
13
14
15
16
17
19
20
21
3
4
5
6
7
8
9
11
12
13
14
15
16
17
18
19
20
21
22
24
25
26
27
3
4
5
6
8
9
10
11
12
13
14
15
16
17
18
19
20
21
22
23
24
25
27
1
4
5
6
7
8
9
10
11
13
14
15
17
18
20
21
22
23
24
25
4
5
6
7
8
9
10
12
13
14
16
17
18
19
20
21
22
23
24
25
27
28
2
3
5
6
7
8
9
10
11
12
13
14
15
16
17
18
19
20
21
22
3
4
5
6
7
8
9
10
11
12
13
14
15
16
17
18
19
20
21
22
23
24
25
26
3
4
5
6
7
8
9
10
11
12
13
14
15
16
17
2
4
5
6
7
8
9
10
11
12
13
14
16
17
18
19
20
22
23
24
25
2
4
5
6
7
8
9
10
11
12
13
14
15
16
17
18
19
20
21
3
4
5
6
7
8
9
10
12
13
14
15
16
17
18
19
2
4
5
6
7
8
9
10
11
12
13
14
15
3
5
6
7
8
9
10
11
12
14
15
16
17
18
19
3
4
5
6
7
8
9
10
11
12
13
14
15
16
3
4
5
6
7
9
10
11
12
13
15
16
17
3
4
5
6
7
8
9
10
11
12
14
15
16
17
18
19
20
21
23
25
2
3
4
5
6
8
9
11
12
13
14
15
16
17
18
19
20
