2
5
7
8
10
12
14
16
20
1
2
3
4
6
12
14
21
1
5
16
18
20
22
23
6
8
9
15
16
19
20
21
22
23
24
8
10
12
14
16
18
19
20
21
22
23
24
26
4
8
12
18
20
22
1
2
3
4
8
9
10
12
13
15
16
17
20
21
22
23
27
28
1
4
8
16
17
18
20
21
22
23
24
1
4
6
8
10
12
16
4
8
11
12
16
17
18
20
22
1
3
5
6
7
10
12
14
16
20
3
5
8
10
16
18
19
20
22
1
4
8
12
13
14
16
17
18
20
21
22
2
4
8
10
12
16
3
4
6
7
8
13
16
17
18
20
2
12
16
18
20
21
22
23
24
1
2
4
8
12
13
16
20
22
23
24
2
3
5
6
8
10
12
14
15
18
19
20
3
4
6
8
10
12
13
16
19
20
22
23
25
26
27
28
2
8
16
18
22
2
4
12
15
16
18
1
2
8
10
14
16
18
20
21
22
2
3
4
6
7
12
14
16
18
19
20
22
25
26
1
4
14
16
18
20
21
22
4
12
14
16
20
24
26
4
5
6
8
12
16
20
21
22
23
2
4
6
10
16
20
22
2
4
8
12
16
18
20
22
24
25
26
4
8
10
16
17
18
20
21
22
2
4
6
8
10
12
14
16
20
22
26
28
1
2
4
8
10
14
16
20
21
2
4
8
13
16
19
20
1
2
4
8
12
16
18
20
22
6
10
12
14
15
16
18
20
22
2
12
14
18
21
22
23
2
4
6
9
10
12
16
18
19
20
1
4
8
14
16
19
20
21
2
4
5
6
8
10
12
14
15
18
20
21
22
1
3
4
8
10
12
14
16
18
20
2
3
4
8
9
11
12
13
16
20
2
4
8
10
12
16
17
19
20
24
1
2
4
8
12
16
4
6
8
9
12
14
16
20
24
25
27
30
6
8
10
20
22
24
25
26
27
28
2
5
8
10
12
13
14
15
16
20
1
8
12
13
14
16
17
18
19
20
21
22
1
4
8
12
14
18
20
22
23
24
25
3
7
8
14
16
18
20
22
24
26
27
3
4
8
9
12
16
18
20
8
10
12
14
15
16
17
18
19
20
22
24
