3
4
5
6
7
8
9
10
11
12
13
14
15
16
2
4
5
6
7
8
9
10
11
12
13
14
15
4
5
6
7
8
10
11
12
13
1
2
3
4
5
6
7
8
9
10
11
12
13
14
15
16
17
18
3
4
5
6
7
8
9
10
11
12
14
15
16
2
3
4
5
6
8
9
10
11
12
13
2
4
5
6
7
8
9
10
11
2
3
4
5
6
7
8
9
10
11
1
2
3
4
5
6
7
8
9
10
11
1
3
4
5
6
7
8
9
10
11
12
3
4
5
6
7
8
9
10
11
1
3
4
5
6
7
8
9
10
11
12
13
14
15
16
4
5
6
7
8
9
10
11
12
13
3
4
5
6
7
8
9
10
11
12
13
14
15
2
3
4
5
6
7
8
9
10
11
12
3
5
6
7
8
9
10
1
2
3
4
5
6
7
8
9
10
11
12
13
14
15
2
3
4
5
6
7
8
9
10
11
12
13
4
5
6
7
8
9
10
11
12
13
14
15
17
18
19
3
4
5
6
7
8
9
10
11
12
13
14
2
3
5
6
7
8
9
10
11
12
13
14
15
16
2
3
4
5
6
7
8
9
10
11
12
13
14
16
17
18
19
2
3
4
5
6
7
8
9
10
11
12
3
4
5
6
7
8
9
10
11
12
3
5
6
7
8
9
10
11
12
2
4
5
6
7
8
9
10
11
12
13
14
15
16
17
18
19
4
5
6
7
8
9
10
11
12
13
14
15
16
3
5
6
7
8
9
10
11
12
13
14
15
3
4
5
6
7
8
9
10
11
12
13
14
15
4
5
6
7
8
9
10
11
12
2
3
4
5
6
7
8
9
10
11
12
13
14
15
4
5
6
7
9
10
11
12
13
16
17
2
3
4
5
6
7
8
9
10
11
12
13
5
6
7
8
10
11
12
1
2
3
4
5
6
7
8
10
13
14
15
16
17
2
3
4
5
6
7
8
9
10
11
12
13
14
15
16
1
3
4
5
6
7
8
9
10
11
12
13
14
15
2
3
4
5
6
7
9
10
11
12
13
3
4
5
6
7
8
10
11
12
2
3
4
5
6
7
8
9
10
11
12
13
14
15
3
4
5
6
8
9
10
11
1
2
3
4
5
6
7
8
9
10
11
12
13
14
1
2
5
6
7
8
9
10
11
12
14
15
16
17
18
4
5
6
7
8
9
10
11
12
13
2
4
5
6
7
8
9
10
11
12
13
14
15
16
3
4
5
7
8
9
10
11
12
13
14
15
16
1
2
4
5
6
7
8
9
10
12
13
14
15
16
17
4
5
6
7
8
9
10
12
13
14
15
16
17
3
4
5
6
7
8
9
10
11
12
13
2
3
4
5
6
7
8
9
10
11
12
