4
8
12
16
24
27
28
31
33
34
39
40
41
42
48
7
8
10
14
16
20
33
39
40
1
5
12
16
32
40
41
42
44
45
46
47
2
5
8
16
19
32
3
10
16
20
22
28
34
36
37
38
40
42
48
52
2
3
4
20
24
28
32
40
1
6
8
10
22
24
25
27
28
30
31
32
34
48
49
51
52
54
55
57
2
3
5
8
9
12
13
16
18
24
32
34
36
38
40
48
52
56
2
6
7
8
10
11
12
16
24
28
32
1
2
4
6
9
10
11
17
19
20
24
25
26
27
28
29
30
31
32
2
5
6
10
12
16
20
22
24
28
32
36
40
48
50
52
58
59
60
61
2
4
8
12
20
24
28
32
34
36
38
40
41
42
44
1
8
10
11
12
21
22
23
25
26
27
28
29
30
31
33
35
36
37
38
40
41
43
44
46
47
48
49
4
6
10
12
14
16
18
19
20
21
22
24
26
36
40
44
2
8
10
11
12
13
14
15
16
19
20
24
28
32
34
36
38
44
48
2
4
8
10
16
18
23
24
25
26
27
28
32
36
40
41
43
44
45
46
48
4
8
14
24
25
26
27
28
29
30
31
32
33
36
38
40
42
44
60
64
66
1
2
4
8
16
20
24
32
38
40
44
46
48
56
58
2
3
5
6
12
16
18
20
21
22
28
30
36
40
1
4
8
10
12
17
19
21
32
35
36
38
40
42
43
45
46
47
48
49
1
5
10
14
20
28
29
30
32
33
34
36
40
42
44
2
4
7
8
11
12
16
20
22
24
25
28
29
31
32
34
36
38
40
44
48
4
10
12
14
16
18
20
32
33
35
36
38
40
41
42
1
8
10
12
20
21
25
27
28
30
32
33
34
36
37
42
44
4
5
12
20
24
26
28
30
32
33
35
37
38
39
42
43
44
45
47
49
50
51
55
1
2
8
9
16
18
20
24
28
30
32
34
35
41
44
49
52
54
58
1
10
11
12
29
30
31
32
33
34
36
39
41
43
2
4
6
8
9
12
15
22
23
25
26
27
28
29
30
31
32
33
34
36
37
38
39
40
42
44
48
52
2
4
16
18
21
24
25
26
32
34
40
42
44
46
50
52
53
55
56
57
58
3
4
6
8
10
14
21
28
32
7
20
28
32
36
37
38
40
44
46
48
49
50
52
2
4
10
11
12
20
24
26
28
32
36
40
42
46
48
52
54
58
59
60
6
8
10
14
28
32
34
35
36
38
39
41
42
44
48
52
56
60
4
5
8
12
16
18
20
22
24
28
32
36
40
42
46
48
50
51
55
56
57
58
59
60
16
32
40
44
48
52
56
58
60
62
64
2
8
14
16
20
24
28
32
34
36
38
40
42
43
44
46
47
1
4
12
16
24
32
40
48
1
4
8
9
12
13
16
19
20
21
25
27
29
30
31
32
36
38
40
42
46
50
52
54
57
58
65
8
10
11
13
14
16
17
18
19
20
22
24
25
32
34
37
39
40
42
46
47
48
52
53
56
60
61
64
1
4
6
7
10
11
14
16
20
32
34
36
40
44
48
1
6
10
16
17
24
32
36
40
2
5
17
18
19
22
25
26
28
30
32
35
38
40
42
43
44
48
50
52
54
56
57
3
4
8
9
12
13
14
16
20
22
24
28
30
32
34
36
40
2
4
5
8
10
11
12
16
20
21
23
24
30
32
33
34
36
40
42
44
2
4
10
12
14
16
18
19
21
26
32
33
40
44
1
4
12
16
18
20
22
24
26
28
29
30
32
34
35
39
40
42
44
46
48
52
54
56
58
60
61
62
63
65
67
68
3
4
12
14
16
18
20
21
22
26
30
32
34
36
38
39
42
43
47
48
49
1
3
8
10
11
14
22
24
28
32
33
34
35
39
41
42
48
52
53
55
57
58
60
61
62
64
65
66
68
1
4
5
8
10
24
32
34
36
38
39
40
42
44
4
6
10
26
30
34
40
44
46
50
52
56
59
60
