6
8
10
11
12
1
2
3
4
8
9
10
1
2
4
5
6
8
10
2
4
8
10
4
8
9
10
4
8
11
1
2
4
6
8
2
6
8
9
10
11
1
2
8
10
4
8
10
4
8
9
10
4
8
10
2
4
6
8
2
4
6
8
9
10
2
6
8
10
2
8
10
4
5
6
8
9
10
11
12
2
4
9
10
1
4
8
10
4
5
6
8
9
10
11
1
2
3
4
6
8
9
10
11
3
4
5
8
9
10
11
12
1
4
5
7
8
9
10
11
1
2
3
4
8
9
10
11
4
8
9
10
1
2
3
4
6
7
8
10
3
4
7
8
10
12
2
4
5
6
8
9
10
1
2
4
6
8
10
12
2
4
8
9
10
2
5
6
7
8
9
10
11
12
1
2
8
10
11
1
2
4
6
8
10
1
2
3
4
6
8
10
11
4
8
10
2
4
8
10
3
4
8
9
10
3
8
10
4
6
7
8
9
10
11
1
6
8
9
10
1
4
8
10
1
8
10
6
8
10
2
6
8
10
2
3
4
8
10
1
8
10
1
4
8
9
10
12
2
4
8
10
6
10
2
4
5
6
8
9
10
11
12
