4
7
8
9
11
12
18
28
38
44
52
56
57
60
61
62
63
64
65
67
69
70
75
76
78
79
80
81
82
86
3
6
10
14
19
20
22
24
26
28
30
33
35
37
39
41
43
44
45
46
48
49
51
54
55
56
57
60
61
64
65
66
67
69
70
71
72
73
75
76
77
79
81
3
8
12
14
16
20
28
32
36
38
40
43
50
54
60
62
64
65
66
68
2
4
6
8
11
16
17
19
28
30
32
34
40
46
47
52
63
68
72
73
74
75
76
80
84
92
94
96
98
102
108
110
112
114
115
119
123
5
10
13
16
17
21
22
25
26
37
42
43
44
46
47
48
54
56
57
58
59
60
61
65
69
73
74
75
76
78
80
4
9
12
13
16
21
24
28
29
32
36
38
40
41
43
45
46
54
58
70
74
82
4
6
8
12
16
24
28
31
32
34
36
40
48
58
60
64
66
68
70
72
74
76
77
78
80
1
8
16
20
24
25
26
28
29
32
34
36
38
40
42
44
46
48
52
54
1
12
13
14
15
16
17
19
28
32
41
46
47
48
50
52
53
56
60
62
63
75
79
4
6
10
12
16
24
32
48
50
56
58
60
62
64
70
72
76
80
82
2
4
6
8
9
12
13
14
16
18
20
22
25
27
30
32
34
36
38
40
44
48
50
54
62
63
66
69
73
75
76
2
4
6
7
8
11
14
16
20
24
32
48
60
72
2
4
6
8
10
14
16
18
20
24
28
32
40
46
50
52
53
54
55
56
57
58
59
61
2
14
17
18
19
22
23
24
25
30
32
33
34
36
40
42
44
45
47
55
56
57
59
60
64
65
67
69
71
72
73
74
75
76
79
83
86
88
91
92
94
95
96
102
6
12
14
20
36
40
44
48
52
55
56
58
60
72
80
104
108
114
123
126
128
1
12
13
16
17
20
21
25
26
27
31
33
34
39
41
42
44
46
47
49
51
54
55
56
57
58
65
67
70
73
75
79
81
82
84
90
93
94
98
1
14
18
20
22
24
32
72
76
80
82
84
88
90
92
93
94
5
8
12
14
16
18
22
23
24
28
32
46
48
60
64
66
68
72
80
1
3
4
6
19
25
31
33
39
40
42
44
48
51
52
53
54
55
56
57
58
59
60
65
67
69
70
73
4
8
20
28
36
40
48
52
62
82
86
87
88
90
91
2
4
6
8
9
10
13
14
16
18
20
22
24
26
27
32
33
34
35
36
38
40
41
42
43
44
45
47
49
51
55
2
6
8
12
14
15
16
20
21
26
27
30
32
34
37
3
4
6
8
17
19
23
25
34
35
48
51
53
64
66
68
72
76
80
1
4
6
13
20
24
32
33
36
37
44
48
54
60
64
68
70
72
74
76
77
79
80
81
82
84
88
90
92
4
8
18
28
31
32
34
36
38
40
43
44
48
49
51
53
54
55
56
58
8
12
19
23
24
25
31
33
34
37
38
46
48
58
64
66
67
2
7
8
18
22
24
26
28
32
48
56
4
11
12
13
16
20
22
34
36
38
44
48
52
58
59
61
62
63
64
66
68
72
74
76
78
80
82
1
4
7
12
13
15
16
19
22
24
25
28
29
31
33
37
39
40
41
43
50
52
54
55
56
59
62
66
78
2
16
18
19
20
22
24
25
26
28
34
36
42
48
56
58
60
61
63
64
66
68
76
77
81
82
84
93
94
96
5
10
12
20
24
28
32
40
44
46
48
50
52
54
56
60
64
6
18
24
32
36
40
44
48
56
64
68
72
74
75
76
78
79
81
4
12
20
26
28
32
40
64
7
10
11
12
30
32
36
42
44
48
50
52
56
58
59
60
61
64
65
66
67
68
72
80
3
4
8
12
16
18
20
22
24
32
34
35
42
43
44
48
50
52
2
4
5
8
10
44
48
51
52
55
58
59
63
64
66
69
72
74
75
76
78
82
1
4
8
10
15
16
23
24
35
36
48
49
50
52
54
56
57
58
59
60
63
65
69
71
73
74
78
80
81
1
16
32
36
40
44
48
54
56
76
1
2
3
8
12
16
18
19
20
21
23
32
33
37
39
41
42
44
45
46
48
49
50
51
52
54
56
1
2
4
7
10
22
24
26
28
32
38
40
41
42
45
48
52
56
57
60
61
62
64
66
70
2
7
8
10
16
28
30
36
42
44
49
50
53
55
56
57
58
59
65
66
73
76
80
82
84
4
6
14
16
18
19
20
22
24
25
26
28
33
37
39
40
41
43
44
45
48
50
54
56
57
58
59
60
61
62
64
66
68
70
73
76
77
8
12
18
23
24
28
40
44
50
51
52
53
56
58
59
63
65
66
68
73
75
76
78
79
10
12
16
20
24
26
28
32
34
38
39
40
46
48
3
10
13
16
20
24
30
32
2
6
7
9
11
16
18
23
26
29
33
38
40
48
56
66
67
68
70
72
76
80
92
96
100
102
104
1
2
3
7
8
10
13
26
28
32
48
57
58
62
64
65
68
72
80
82
84
2
7
8
10
14
15
16
18
19
20
21
22
23
24
26
30
32
34
36
42
46
48
52
53
54
55
56
59
60
61
62
63
67
4
8
13
15
16
24
30
32
40
48
49
50
52
54
56
60
62
64
65
66
70
72
74
79
80
81
82
83
1
4
14
17
20
21
22
24
28
30
38
42
45
46
60
61
62
64
66
74
75
76
78
79
80
