3
4
5
7
8
10
11
12
13
16
17
18
20
21
22
23
24
26
27
28
29
30
31
34
35
36
37
38
40
41
42
43
44
46
47
48
49
51
53
55
56
58
61
62
64
66
68
69
70
71
72
74
76
79
80
81
82
85
86
87
88
90
91
92
94
95
96
101
102
103
104
105
106
107
109
111
112
116
117
119
120
122
124
125
126
127
128
129
130
131
132
133
134
137
139
140
141
142
143
144
147
148
149
151
152
153
154
157
158
159
162
163
164
165
166
168
170
171
172
174
176
177
178
179
180
181
182
184
185
186
188
189
191
192
193
195
196
197
198
199
200
201
202
204
205
206
207
208
209
210
212
213
214
215
216
217
218
219
220
221
222
223
224
225
3
4
5
6
7
9
10
11
12
13
14
15
16
17
18
19
20
21
22
24
26
27
28
29
30
31
32
33
34
36
37
38
40
43
44
45
46
47
49
51
52
53
54
56
57
58
60
61
62
65
66
69
71
72
74
76
77
78
80
81
82
83
84
88
89
90
91
92
93
95
96
98
99
101
102
106
107
108
109
110
111
112
114
116
118
119
122
124
125
126
127
128
130
131
133
134
135
138
139
140
141
142
143
144
145
146
147
149
150
152
153
154
155
156
157
158
159
161
163
164
165
166
167
168
169
170
173
174
175
176
177
178
179
180
181
182
183
184
185
186
187
188
189
190
191
192
193
194
195
196
197
4
5
6
7
8
9
10
11
13
14
15
16
17
18
19
20
21
23
24
26
27
28
29
30
31
33
34
36
37
38
41
42
43
45
198
47
50
51
52
53
54
55
199
56
57
59
61
62
63
65
66
200
67
68
69
70
71
73
75
77
78
79
80
82
85
86
87
88
89
90
91
92
93
94
201
95
96
98
100
103
202
105
106
108
204
110
111
112
113
115
117
118
119
120
205
121
122
206
123
124
125
126
128
129
207
130
208
133
134
135
137
209
138
139
140
141
210
142
143
144
145
146
147
148
149
150
152
153
154
155
156
157
158
159
160
161
162
163
164
165
166
167
168
169
170
171
172
173
174
175
176
177
178
179
180
181
182
184
185
187
188
189
190
191
192
193
194
195
2
4
5
6
7
8
9
10
11
12
14
16
18
19
21
22
25
27
29
30
31
32
33
34
36
39
40
41
43
44
46
47
196
48
49
50
51
52
53
55
56
57
59
61
63
64
65
66
67
68
69
71
72
74
76
77
78
79
197
80
81
83
84
85
86
87
88
89
198
91
92
93
94
96
97
98
99
100
101
102
104
105
106
107
108
109
110
199
111
114
116
117
200
118
119
120
121
122
201
124
125
126
128
202
129
130
131
132
133
134
203
135
136
137
138
139
140
141
204
142
205
143
144
145
146
148
149
150
151
206
152
153
207
154
155
156
157
158
208
159
160
161
162
163
164
165
209
166
168
210
169
211
170
171
212
172
173
174
213
175
214
176
177
178
215
179
180
181
182
183
184
216
185
187
188
217
189
190
192
218
193
194
195
196
219
197
198
200
201
202
203
204
205
206
207
208
209
210
211
212
215
216
217
218
219
220
222
223
224
225
226
227
228
229
230
231
233
234
235
236
237
238
239
240
241
242
243
244
246
247
248
249
250
251
252
253
254
255
256
257
258
259
260
261
262
263
264
265
266
267
268
269
270
271
272
273
274
275
276
1
2
3
4
5
7
8
9
12
13
15
16
17
18
20
21
22
23
24
25
26
27
29
30
31
33
35
37
38
39
41
42
46
47
48
49
50
52
53
55
56
57
60
61
63
64
65
66
68
69
70
72
73
74
75
76
77
78
79
80
82
84
85
87
88
89
90
91
92
94
99
100
277
101
103
104
106
107
108
110
111
112
113
116
118
119
121
125
126
127
129
131
132
133
134
136
137
139
140
141
142
143
278
144
146
147
148
149
152
153
154
155
156
157
279
158
159
160
161
162
163
164
165
167
168
169
170
171
172
173
174
175
177
178
179
180
181
182
183
184
185
186
187
188
189
190
193
194
195
196
197
198
199
200
201
202
203
204
205
206
207
208
209
210
211
212
213
214
215
216
217
218
220
221
223
224
225
226
228
229
230
231
232
233
234
235
236
237
238
239
240
241
242
243
244
245
3
4
5
6
8
9
10
12
13
14
16
17
18
19
20
22
23
24
25
26
27
28
29
30
31
32
34
35
36
37
38
39
41
42
43
44
45
47
48
49
50
53
55
56
58
59
61
62
64
65
66
67
68
70
72
73
75
77
78
80
81
83
85
86
87
88
89
90
91
92
93
94
95
96
97
100
101
103
104
105
106
107
108
109
110
112
113
114
116
117
118
119
120
122
2
3
4
5
6
7
123
8
9
11
12
13
14
15
17
18
19
20
21
22
124
25
26
27
28
29
32
34
125
35
37
126
39
41
42
44
46
47
49
50
51
52
53
54
56
58
59
128
60
61
62
63
64
65
66
67
69
70
71
72
73
130
74
75
76
77
79
80
82
131
83
86
87
89
91
92
132
93
134
95
96
97
98
99
100
101
135
103
136
106
107
108
110
111
137
112
138
114
115
116
117
118
140
141
119
121
122
123
143
124
126
144
127
128
129
130
131
145
132
146
133
134
147
148
135
136
137
138
139
141
149
150
151
152
142
3
4
5
6
145
8
9
10
12
13
153
14
16
17
18
19
20
22
23
24
25
26
27
28
154
29
30
31
32
155
147
34
35
36
37
38
39
41
42
43
44
45
47
48
49
50
53
149
150
156
55
56
157
58
59
61
62
64
151
65
158
152
66
67
68
155
70
72
73
156
75
77
159
78
80
160
157
81
161
83
85
158
86
87
159
88
89
160
90
91
92
93
162
162
163
94
95
163
96
97
164
100
164
165
166
165
101
103
166
167
104
167
168
105
106
169
107
108
168
109
171
110
3
4
5
6
8
112
9
10
12
13
14
16
17
18
19
20
22
170
23
24
25
113
114
26
27
28
172
29
30
31
32
34
35
36
37
38
39
41
116
42
43
44
45
47
48
49
173
50
53
117
174
175
55
56
58
118
59
61
62
172
119
64
120
176
65
122
66
67
68
70
72
173
73
177
75
123
77
124
78
178
80
81
125
83
126
85
179
86
175
87
180
128
88
89
181
90
91
92
93
130
94
95
96
182
97
131
183
100
176
185
132
101
103
134
177
104
135
105
187
136
106
107
188
108
178
109
179
137
110
112
138
189
113
114
190
140
141
191
116
193
117
143
180
194
118
144
119
120
122
181
195
145
123
146
124
196
125
147
126
182
148
2
3
5
7
8
10
11
13
14
197
15
128
16
18
19
198
20
21
22
23
24
25
26
27
28
29
30
31
32
149
34
36
38
150
40
41
43
45
199
46
48
130
51
52
151
53
54
55
57
59
60
183
61
152
64
131
65
66
68
184
69
153
200
73
74
75
132
76
154
201
155
78
134
81
82
202
86
87
135
88
156
136
203
89
91
157
92
93
185
204
95
96
137
97
158
186
98
138
101
102
140
103
159
141
104
205
105
106
160
161
107
109
209
110
113
143
187
144
114
162
115
210
116
117
163
164
145
118
122
146
188
165
147
123
148
211
166
189
167
124
125
126
127
149
212
150
168
151
128
152
130
190
131
153
213
170
132
154
155
135
215
191
156
192
136
157
172
137
216
138
158
140
173
141
159
160
142
217
161
218
143
145
175
219
193
146
162
147
148
163
164
176
165
149
194
150
166
177
220
152
167
178
221
154
168
222
195
179
196
157
170
223
198
158
159
180
161
172
181
224
162
173
199
164
165
182
225
175
201
166
226
167
183
168
184
202
176
169
227
170
171
177
172
185
178
203
179
228
186
173
174
229
175
176
204
187
180
177
179
206
3
4
5
6
7
8
230
9
10
11
13
181
14
15
16
17
18
19
20
21
231
23
26
27
28
29
30
31
33
35
36
188
38
39
41
43
45
46
48
49
180
51
52
53
182
182
54
55
189
56
57
58
60
61
62
63
65
66
232
68
69
70
72
73
183
74
183
75
233
76
77
190
78
184
184
79
80
83
85
88
186
234
191
89
192
90
91
92
185
93
235
186
95
96
187
97
98
188
100
189
236
101
102
103
104
237
190
187
193
105
106
107
109
191
238
111
112
192
188
114
193
194
115
117
189
239
118
194
195
119
196
120
123
240
195
190
241
124
125
127
198
196
197
191
192
128
129
198
131
242
199
243
200
132
133
134
201
201
244
135
136
193
137
138
202
203
139
202
245
140
194
141
142
204
143
246
203
144
205
145
195
196
146
147
206
247
207
198
204
148
149
248
150
206
151
208
249
152
199
250
153
209
210
252
201
154
155
156
211
157
202
253
212
158
3
4
5
6
8
9
10
12
13
14
16
254
17
18
19
20
22
23
24
25
26
27
28
159
160
29
30
31
32
34
35
36
37
38
39
213
41
162
42
43
203
44
45
47
48
214
49
50
53
55
56
58
59
61
62
255
64
65
257
66
67
68
3
4
5
6
8
70
9
10
12
72
13
14
16
73
17
18
19
20
22
164
204
75
23
24
25
77
26
27
28
29
30
31
32
34
35
36
37
78
80
38
39
41
81
215
42
83
43
44
167
45
85
47
86
48
49
206
50
53
216
87
168
55
56
88
58
89
59
61
90
91
62
92
93
64
65
169
66
67
68
94
95
217
70
96
258
72
97
73
100
75
77
78
219
80
261
81
101
103
83
85
86
104
87
105
170
88
106
89
107
90
91
92
93
108
109
94
95
110
96
97
112
171
100
220
172
113
114
101
103
116
262
221
104
117
105
106
107
118
174
108
263
119
120
109
122
110
112
175
222
123
113
114
124
125
116
126
176
117
177
128
178
223
118
119
120
264
130
122
179
131
180
123
224
124
132
125
183
134
126
225
266
135
128
136
130
137
138
131
226
184
140
132
141
134
185
143
187
135
136
227
144
267
268
137
228
138
145
188
190
146
140
141
147
148
143
149
144
150
229
151
269
152
192
145
153
230
146
154
155
147
148
156
270
157
149
194
150
151
231
232
158
152
153
195
159
154
155
160
161
271
233
156
157
162
158
196
272
197
163
234
164
2
3
4
5
6
7
8
9
11
12
13
14
15
17
18
19
20
21
22
25
26
27
159
28
29
32
34
35
37
39
165
41
42
44
160
46
47
161
49
50
51
52
166
53
54
56
58
59
60
61
167
62
63
64
65
66
273
236
67
198
69
70
199
71
72
73
74
75
76
77
79
168
162
80
82
200
83
237
86
163
87
164
89
91
92
170
93
95
96
165
97
98
99
166
100
101
103
167
201
106
107
108
172
110
274
111
168
112
202
114
115
173
116
117
118
238
170
119
121
122
123
175
124
275
203
126
127
239
128
129
172
130
204
131
173
132
176
205
133
134
240
135
276
136
137
177
138
139
175
141
277
206
178
179
142
145
241
207
176
147
242
208
149
150
177
180
278
279
151
209
178
152
155
179
181
156
243
157
158
182
244
159
160
180
162
163
280
183
164
181
165
184
166
245
167
168
182
282
169
185
171
186
183
246
172
184
173
174
175
187
176
247
185
177
186
283
178
188
179
248
284
180
189
181
187
182
183
185
190
188
249
187
285
191
188
189
192
250
189
190
251
190
191
286
193
194
191
252
192
193
287
195
253
196
194
197
198
288
199
193
195
196
200
201
202
198
194
203
289
204
254
195
196
290
205
199
209
255
198
201
210
202
199
211
212
201
203
256
213
215
202
204
257
216
206
203
217
218
219
204
258
206
220
221
222
223
224
225
226
227
228
229
230
231
232
233
2
3
4
5
6
7
8
9
11
12
13
14
15
17
18
19
20
21
22
25
26
27
28
29
32
34
35
37
39
41
42
44
46
47
49
50
51
52
53
54
56
58
234
59
60
61
62
63
64
65
66
67
69
70
71
72
73
74
75
76
77
79
80
82
83
235
86
87
89
91
92
93
236
95
96
97
98
99
100
101
103
237
106
107
108
110
111
112
114
238
115
116
117
118
119
121
122
123
124
239
126
127
128
129
130
131
240
132
133
134
241
135
136
137
138
139
141
242
142
145
243
147
149
150
244
151
152
155
156
245
157
158
159
246
160
162
163
164
165
166
247
167
248
168
169
171
249
172
250
252
173
174
175
176
177
178
253
179
254
180
181
182
183
185
255
257
187
188
189
190
191
258
193
261
194
195
196
197
198
262
199
263
200
201
202
203
204
264
205
209
266
210
211
212
267
213
268
215
216
269
217
218
219
270
220
271
221
222
272
223
273
224
225
226
274
227
275
228
229
276
277
230
231
232
278
279
233
234
280
235
236
237
282
238
239
240
283
241
284
242
243
285
244
245
286
246
287
247
248
288
249
250
252
289
290
253
254
255
257
258
261
262
263
264
266
267
268
269
270
271
272
273
274
275
276
277
278
279
280
282
283
284
285
286
287
288
289
290
2
3
4
5
6
7
8
9
10
12
13
14
15
16
17
18
19
20
21
22
24
26
27
28
29
30
31
32
33
34
35
36
37
38
40
41
42
44
46
47
48
49
50
51
52
53
55
56
58
59
60
61
63
64
68
69
71
73
74
75
76
77
78
80
81
82
83
84
85
86
88
91
92
93
94
95
96
97
98
99
102
105
106
107
108
111
112
114
115
116
117
118
119
120
121
123
124
125
126
127
128
129
130
132
133
134
135
136
137
138
139
140
141
144
145
146
147
148
149
150
151
152
153
154
155
156
157
158
159
160
161
163
164
165
166
167
168
169
171
172
173
174
175
176
177
178
179
180
181
182
183
184
185
186
187
188
189
191
192
193
194
195
196
197
198
199
200
201
202
203
204
205
206
207
208
209
210
211
212
213
214
215
216
217
218
219
220
221
222
223
224
225
226
227
228
229
231
232
233
234
235
236
237
238
239
240
241
243
244
245
246
247
248
250
251
252
253
254
255
256
257
258
259
260
261
262
264
265
266
267
268
269
270
271
272
273
274
275
276
277
278
279
281
282
283
284
285
286
287
288
289
290
291
292
293
294
295
296
297
298
299
300
301
302
304
305
306
307
308
309
310
311
312
313
4
5
6
7
8
9
10
11
13
14
15
16
17
18
19
20
21
23
24
26
27
28
29
30
31
33
34
36
37
38
41
42
43
45
47
50
51
52
53
54
55
56
57
59
61
62
63
65
66
67
68
69
70
71
73
75
77
78
79
80
82
85
86
87
88
89
90
91
92
93
94
95
96
98
100
103
105
106
108
110
111
112
113
115
117
118
119
120
121
122
123
124
125
126
128
129
130
133
134
135
137
138
139
140
141
142
143
144
145
146
147
148
149
150
152
2
3
4
5
7
8
9
10
11
12
153
13
14
15
17
18
19
20
22
23
24
26
27
30
32
33
34
35
37
38
41
42
43
154
44
45
47
48
50
52
53
55
58
59
60
61
155
62
63
64
65
66
67
69
156
70
72
73
157
74
75
76
77
78
79
80
81
158
83
84
159
86
87
89
90
92
93
95
160
97
98
99
100
161
101
103
162
105
163
106
107
108
109
164
112
165
166
113
114
115
116
167
117
118
119
120
168
121
123
169
124
125
170
126
127
128
129
171
130
132
133
134
172
135
136
137
173
138
174
175
140
176
141
142
143
177
144
145
178
146
147
149
179
180
150
151
181
152
154
182
155
184
156
157
158
160
185
161
187
162
164
165
188
166
167
189
168
169
171
190
172
191
192
173
174
193
175
194
176
195
177
178
180
196
181
197
198
183
184
186
199
200
187
189
201
202
190
191
192
203
193
195
204
205
196
206
207
197
198
199
208
200
201
209
202
210
203
211
204
205
212
206
208
213
214
209
215
210
212
213
216
214
215
217
216
217
218
218
219
220
221
219
222
224
225
226
227
228
231
232
233
234
235
236
237
3
4
5
6
8
9
10
12
13
14
16
17
18
19
20
22
23
24
25
26
27
28
29
30
31
32
34
35
36
37
38
39
41
42
43
44
45
47
48
49
50
53
55
56
58
59
61
62
64
65
66
67
68
70
72
73
75
77
78
80
81
83
85
86
87
88
89
90
91
92
93
94
95
96
97
100
101
103
104
105
106
107
108
109
110
112
113
114
116
117
118
119
120
122
123
124
125
126
128
130
131
132
134
135
136
137
138
140
141
143
144
145
146
147
148
3
4
5
6
7
8
9
11
12
13
14
15
16
17
18
19
20
21
23
149
24
25
26
27
150
28
29
30
34
35
36
38
151
39
40
42
43
44
45
47
48
49
50
51
52
53
54
55
56
59
152
60
61
62
64
66
153
67
69
70
71
72
73
74
154
77
155
79
80
81
83
84
85
86
87
90
156
91
157
92
94
95
97
98
99
158
101
102
103
104
105
159
106
107
160
108
161
109
111
112
113
162
114
163
115
116
117
164
118
119
165
120
121
166
122
167
124
126
168
127
128
129
130
131
132
170
133
134
135
136
172
137
138
173
139
140
141
142
175
144
145
146
147
148
149
176
150
151
152
153
177
154
155
178
156
179
158
159
160
180
161
162
181
163
164
165
166
182
167
168
169
183
170
184
171
172
173
185
174
186
175
176
177
187
178
179
188
180
189
181
182
183
190
184
191
192
185
186
193
187
188
194
189
195
196
190
191
198
192
193
194
199
195
196
201
197
202
198
199
200
203
201
202
203
204
206
204
205
207
208
2
3
4
5
6
7
8
9
11
12
13
14
15
17
18
19
20
21
22
25
26
27
28
29
32
34
35
37
39
41
42
44
46
47
49
50
51
52
53
54
56
58
59
60
61
62
63
64
65
66
67
69
70
71
72
73
74
75
76
77
79
209
80
82
83
86
87
89
91
92
93
95
96
97
98
210
99
100
101
103
106
107
108
110
111
112
114
115
211
116
117
118
119
121
122
123
124
126
127
128
129
130
212
131
132
133
134
135
136
137
138
139
213
141
142
145
147
214
149
215
150
151
152
155
156
216
157
158
217
159
160
162
163
164
165
218
166
3
4
5
6
8
9
10
12
13
14
16
17
219
18
19
20
22
23
24
25
26
167
27
28
29
30
31
32
34
35
36
37
168
38
39
41
42
43
169
44
45
47
48
49
50
53
55
56
171
58
59
61
62
64
65
66
67
172
68
220
70
72
73
75
77
173
174
175
78
80
81
83
85
86
176
221
87
88
89
177
90
91
92
93
178
94
95
179
96
97
100
180
181
101
103
104
182
105
106
183
107
185
108
109
110
112
187
222
113
114
188
116
117
189
118
190
119
120
122
191
193
123
124
194
125
126
128
195
130
196
223
131
197
198
132
199
134
135
200
136
201
202
137
203
138
204
140
224
141
143
205
144
209
145
146
210
147
148
149
150
211
225
151
152
212
153
154
155
213
226
156
215
157
158
216
159
160
161
227
217
218
162
219
163
164
165
166
228
167
220
168
221
222
170
223
172
224
173
225
175
226
176
227
177
178
179
228
229
180
181
230
231
182
232
233
183
184
234
185
235
186
236
237
187
238
188
239
189
240
190
241
191
192
242
229
243
244
193
245
194
246
195
196
247
198
248
249
199
250
252
201
202
253
254
203
255
257
204
206
258
261
262
263
264
266
267
268
269
270
271
272
273
274
275
276
277
278
279
280
282
283
3
4
5
6
8
9
10
12
13
14
16
17
18
19
20
22
23
24
25
26
27
28
284
29
30
31
32
34
35
36
37
38
39
41
42
43
44
45
47
48
49
50
53
55
56
58
59
61
62
64
65
66
67
68
70
72
73
75
77
78
80
285
81
83
85
86
87
88
89
90
91
92
93
94
95
96
97
3
4
5
6
8
286
9
100
10
12
13
14
16
17
18
19
20
22
23
24
25
26
27
28
29
30
31
32
101
34
103
35
36
37
38
39
41
42
43
44
104
45
47
48
49
50
53
105
106
287
55
107
56
58
108
59
61
62
109
64
65
110
66
67
112
68
70
72
73
113
114
75
77
78
116
80
81
83
288
85
117
86
87
118
88
89
119
120
90
91
3
4
5
6
8
9
10
92
93
12
13
14
16
122
17
18
19
20
22
23
24
25
94
26
27
95
28
29
30
31
32
96
34
35
36
97
37
38
39
123
41
100
42
43
44
124
45
47
48
49
125
50
53
126
101
289
103
55
56
58
59
61
104
128
62
64
105
65
106
66
67
107
68
130
108
70
72
73
290
109
75
77
110
131
112
78
80
81
83
113
114
132
85
86
134
87
116
88
89
135
90
91
136
117
92
93
118
94
95
119
96
120
97
137
100
122
138
101
140
103
123
141
3
4
5
6
8
9
10
12
124
13
14
16
17
104
18
19
125
20
22
126
23
105
24
25
26
27
28
106
29
30
31
32
34
143
107
35
36
37
38
39
41
108
128
42
43
44
45
47
109
144
48
49
50
53
110
112
130
55
56
58
59
61
62
113
114
64
131
145
65
66
67
146
68
116
70
132
72
147
73
134
148
75
117
77
78
80
118
81
135
83
136
119
149
85
120
150
86
122
87
151
88
89
137
152
90
91
92
93
123
138
153
124
94
95
125
154
140
96
126
155
97
141
100
128
156
143
101
103
157
130
144
104
105
131
158
106
107
3
4
5
6
108
8
9
10
12
13
14
16
132
17
145
18
19
109
20
22
23
24
159
25
26
110
27
134
28
29
30
31
146
32
34
35
36
112
37
38
160
39
41
161
42
147
43
44
45
47
135
113
114
148
136
48
49
50
53
55
56
116
58
59
149
61
150
62
137
162
64
117
65
151
138
66
67
68
118
163
70
152
72
164
119
120
73
140
75
141
153
122
77
78
80
154
165
155
81
83
85
123
143
166
86
124
167
87
125
88
144
156
126
89
157
90
91
92
93
168
128
94
95
158
145
96
97
130
146
100
170
159
147
131
148
101
103
160
161
132
104
149
134
105
150
106
107
151
172
108
135
162
136
152
109
110
153
163
173
112
164
154
137
155
113
114
138
165
116
166
140
156
175
141
157
167
117
118
158
143
3
168
4
5
6
119
8
120
9
10
12
13
14
16
17
122
18
19
20
22
23
144
24
25
26
27
28
29
30
31
32
159
34
35
36
176
37
38
39
41
170
123
42
43
160
44
161
45
47
124
48
49
50
53
145
125
126
55
56
177
146
58
59
61
62
64
147
128
65
162
148
178
66
67
68
172
70
179
72
163
130
73
164
75
149
77
150
173
131
151
78
80
81
165
83
85
152
86
132
166
87
153
134
88
167
89
180
175
154
90
91
155
92
93
135
136
168
94
95
96
97
156
181
100
137
157
170
138
176
101
103
158
140
182
104
141
105
177
106
107
159
108
143
160
172
161
109
178
110
144
179
112
183
173
184
113
114
162
145
116
146
163
117
164
175
147
148
118
180
119
120
165
185
122
149
166
150
186
151
167
181
123
176
152
124
168
153
125
126
154
177
155
182
128
187
170
178
130
156
157
179
131
183
184
158
132
188
172
134
159
189
173
135
160
136
161
180
185
137
138
186
181
175
162
190
140
163
141
164
182
143
191
165
176
192
187
166
144
167
183
177
168
145
184
146
178
188
147
179
148
170
189
193
149
150
185
151
186
152
172
180
190
153
154
155
173
194
3
4
5
6
8
9
181
10
12
13
14
16
17
18
19
191
20
22
156
23
24
25
187
26
27
28
192
29
30
31
32
157
34
35
36
37
38
39
41
175
42
195
43
44
196
45
47
182
48
49
158
50
53
55
56
58
59
61
62
159
64
188
65
66
67
160
68
161
198
176
70
72
183
73
189
75
77
184
78
80
193
81
177
83
85
162
86
87
163
88
178
190
89
164
199
179
90
91
92
93
185
94
194
165
95
96
97
186
166
100
201
191
167
192
101
103
195
180
168
196
104
105
106
107
202
187
108
170
109
181
110
198
112
113
114
193
203
182
188
116
172
117
189
118
173
199
119
120
183
122
194
184
204
201
123
175
190
124
125
126
206
195
196
128
191
185
202
192
176
130
186
198
131
177
132
203
134
178
187
179
135
136
199
193
137
138
204
201
188
140
180
141
206
189
194
143
181
202
144
3
4
5
6
8
9
10
12
13
14
16
17
18
19
20
22
195
190
23
24
196
25
26
27
28
29
30
31
32
34
35
36
182
37
145
38
39
41
42
43
146
44
45
47
48
49
50
53
203
147
55
56
191
148
58
198
192
59
61
62
64
183
65
66
149
67
68
150
184
70
151
72
73
75
77
152
204
78
80
153
81
83
85
199
86
154
155
87
206
88
185
89
90
91
92
93
193
156
186
201
157
94
95
96
97
100
158
101
103
159
194
202
187
104
160
105
161
106
107
108
109
110
195
196
112
162
203
188
113
114
163
164
116
189
198
165
117
166
118
167
119
204
120
122
190
168
206
123
199
124
125
126
170
191
192
128
201
130
172
131
202
132
173
134
193
135
136
175
203
137
138
140
194
141
176
143
204
177
195
144
196
206
178
145
179
146
198
147
148
149
150
180
151
152
199
153
181
154
155
201
156
182
157
158
202
183
159
184
160
161
203
2
3
4
5
6
7
8
162
9
11
12
13
14
15
17
18
19
20
21
22
25
26
27
28
29
32
34
35
163
37
185
39
41
42
164
44
46
47
49
50
51
52
186
53
54
56
58
59
60
61
62
63
64
65
66
165
67
69
204
70
71
166
72
73
74
75
76
77
79
167
80
82
83
86
206
87
89
91
168
187
92
93
95
96
97
98
99
170
100
101
103
106
107
188
108
110
111
112
114
115
189
172
116
117
118
119
121
173
122
123
124
190
126
127
128
129
130
175
131
191
132
192
133
134
135
176
136
137
138
139
141
177
142
145
178
179
147
193
149
150
151
152
194
180
155
156
157
181
158
195
196
159
160
162
182
163
198
164
165
166
183
3
4
5
6
7
8
9
10
11
12
13
15
16
17
19
167
20
21
22
23
184
24
25
26
27
28
30
31
32
33
34
35
36
37
168
38
39
40
41
43
44
45
46
169
52
53
54
55
57
199
58
59
60
61
64
171
65
66
68
69
71
72
73
74
75
77
78
185
201
79
172
80
81
83
186
84
85
86
88
173
90
174
175
91
92
93
94
202
176
95
96
98
99
100
187
101
103
177
104
105
106
107
178
108
110
179
203
112
115
180
188
116
181
117
118
189
119
121
182
183
185
122
204
123
124
125
127
190
128
206
187
129
188
130
131
132
191
189
133
192
135
190
136
191
137
138
193
140
194
141
142
143
195
193
144
145
196
146
147
148
197
198
149
150
194
199
151
153
200
201
195
196
202
154
155
203
156
157
204
198
158
159
205
209
160
161
199
210
163
201
164
211
165
166
202
167
212
168
169
213
170
203
171
215
172
173
174
216
204
175
176
177
206
217
218
219
178
179
181
182
220
183
221
222
184
223
185
186
224
187
188
225
190
226
191
227
192
193
194
228
195
229
196
197
198
230
231
199
200
232
201
233
202
203
234
204
235
205
236
237
206
238
207
239
208
209
240
241
210
242
211
243
212
244
213
245
214
215
246
216
247
217
248
249
218
250
252
219
253
254
220
221
255
257
222
223
3
4
5
6
224
8
9
10
12
13
14
16
17
18
19
258
20
22
23
24
25
26
27
28
29
30
31
32
34
35
36
37
38
39
41
42
43
44
261
45
47
48
49
50
53
55
56
58
59
61
62
64
65
66
67
68
70
72
73
75
77
225
78
80
3
4
5
6
7
8
9
10
11
12
13
15
16
17
81
19
20
21
22
23
24
25
26
83
27
28
30
31
32
33
34
35
85
36
37
38
39
86
40
41
43
44
45
46
87
52
262
53
54
55
88
57
58
89
59
60
226
61
64
90
91
65
92
93
66
68
69
71
263
72
94
73
95
96
74
75
77
97
78
79
100
80
81
83
84
101
85
103
86
88
227
90
104
105
91
92
93
106
94
107
95
96
98
108
99
100
109
264
110
101
103
104
228
112
105
106
107
108
113
114
110
112
116
115
117
229
116
117
266
3
4
5
6
7
8
118
9
10
118
11
12
13
15
16
17
19
20
21
22
23
119
24
25
119
26
27
28
120
30
121
31
32
33
34
35
36
37
38
39
40
41
43
122
44
45
46
52
122
53
54
55
57
123
58
124
59
60
61
125
64
123
65
127
66
68
230
69
124
71
72
128
73
125
74
75
77
126
78
129
79
231
80
81
130
83
131
128
84
85
132
86
88
90
267
133
130
268
91
92
93
135
94
131
95
136
96
98
99
137
100
138
132
101
103
104
134
105
140
106
107
108
110
141
135
136
112
142
115
143
269
232
116
117
137
118
144
145
119
138
121
146
140
122
141
123
147
148
124
125
270
127
149
143
150
128
144
129
130
131
233
151
153
132
145
133
146
135
271
147
136
148
154
155
137
138
156
140
149
150
157
141
151
272
142
152
143
158
153
234
144
159
154
155
145
146
160
273
161
156
147
148
157
149
150
158
163
151
235
153
159
164
236
160
161
165
166
154
155
274
167
156
162
157
163
168
169
164
158
170
165
275
171
166
159
172
167
160
161
173
168
174
175
237
163
170
276
176
177
277
164
165
166
172
178
167
179
173
168
169
181
238
278
279
170
171
175
182
172
183
173
174
184
176
175
176
177
177
280
185
178
179
178
186
239
179
282
187
181
188
180
182
190
181
183
184
240
182
191
185
192
283
183
186
284
193
184
194
241
195
187
196
188
242
185
186
197
190
198
243
285
191
187
199
200
192
286
193
201
194
188
202
195
189
244
287
203
196
204
197
198
190
288
205
199
191
192
200
206
201
289
202
203
193
290
207
208
204
209
194
205
245
195
196
210
206
211
198
212
207
208
209
213
199
3
4
5
6
8
9
10
12
13
14
16
17
18
19
20
22
23
24
25
26
27
28
29
30
31
32
34
35
36
37
38
201
39
214
41
42
43
44
45
47
48
49
50
53
55
56
215
58
59
61
62
64
210
65
202
66
67
68
70
72
211
73
75
77
216
78
80
212
81
83
217
85
86
87
203
88
89
90
91
92
93
94
213
95
3
4
5
6
96
8
9
10
12
97
13
14
16
17
18
19
20
22
100
23
24
25
26
27
28
29
30
218
31
32
34
35
36
37
38
39
41
204
101
42
103
43
44
214
45
47
48
49
50
53
104
55
56
105
58
106
206
215
107
59
61
62
64
108
65
109
66
67
68
110
70
112
72
73
219
75
77
113
114
78
80
216
81
116
83
85
86
217
117
87
88
118
220
89
90
91
119
120
92
93
122
94
95
96
97
100
221
123
124
218
125
101
103
126
104
105
128
106
222
107
108
109
130
110
112
131
223
219
224
113
114
132
116
134
117
135
136
118
220
119
120
137
122
138
123
221
140
124
141
125
225
126
143
128
3
4
5
6
8
144
9
222
10
12
130
13
14
16
17
18
19
226
20
22
23
24
25
26
27
28
29
30
31
131
32
34
35
36
37
38
39
41
42
43
44
145
45
132
47
223
48
49
146
50
134
53
224
55
56
58
147
59
61
62
135
136
64
148
65
227
66
67
68
70
72
137
149
73
150
75
77
138
151
78
80
152
81
140
83
141
85
86
153
228
87
88
154
155
89
143
90
91
225
92
93
144
94
156
95
157
96
97
229
100
145
158
146
226
101
103
147
159
104
148
105
106
160
107
161
108
230
149
109
150
110
151
112
231
162
152
113
114
227
153
163
164
116
154
155
117
165
118
156
119
166
228
120
157
122
167
158
168
123
124
229
125
159
126
160
161
170
128
232
130
162
131
172
230
163
164
132
134
231
173
165
135
166
136
167
233
175
137
138
168
140
141
170
176
143
144
177
232
172
145
234
178
146
173
179
147
148
175
149
150
151
233
180
152
235
153
154
176
236
155
181
156
177
157
182
178
158
179
159
234
183
160
161
184
180
162
163
181
164
185
237
186
235
165
236
166
182
167
168
187
183
170
184
238
188
172
189
185
173
186
237
190
175
187
191
192
239
176
188
177
238
189
178
179
193
190
3
4
5
6
8
9
10
240
12
13
14
180
16
17
18
19
20
22
23
24
25
26
191
27
28
29
30
31
32
194
34
192
35
36
37
38
39
41
42
43
44
45
47
181
48
49
50
53
55
56
58
59
61
195
196
62
241
64
239
182
65
66
67
68
70
72
73
75
77
3
4
5
6
193
8
78
9
80
10
12
242
198
13
14
16
81
17
83
183
18
19
20
22
85
23
24
25
26
86
27
28
29
30
31
184
32
87
34
35
36
37
38
39
88
41
89
42
43
44
45
47
90
91
48
92
49
93
50
53
243
55
56
58
94
95
194
96
59
61
97
199
62
64
100
65
66
67
185
240
68
70
101
103
72
186
73
75
201
77
104
195
196
105
78
80
106
81
107
83
85
108
86
87
109
88
110
89
241
112
202
90
91
198
92
93
187
113
114
94
95
96
244
97
116
100
242
117
101
103
118
188
203
119
120
104
199
122
105
106
107
189
243
108
123
109
201
110
124
112
125
126
113
114
204
190
128
116
117
206
202
130
118
191
119
131
120
192
122
132
134
123
244
124
203
125
135
126
136
128
137
130
138
193
204
131
140
141
245
132
206
134
143
135
144
136
194
137
145
138
146
195
196
140
147
141
148
149
143
150
198
151
144
152
153
145
154
155
146
245
199
147
148
156
157
149
201
150
158
151
152
159
153
160
161
154
155
202
156
157
162
163
158
164
203
159
165
160
166
161
167
204
168
162
163
206
164
170
165
166
167
172
168
173
170
175
172
176
173
177
175
178
179
176
177
180
178
179
181
182
180
183
181
184
182
185
186
183
184
187
185
186
188
189
187
190
188
191
189
192
190
191
192
193
194
193
195
196
194
198
195
196
199
198
201
202
199
201
203
202
204
203
206
204
206
1
3
4
5
7
8
9
10
11
14
16
18
19
20
21
22
23
24
25
26
27
29
30
31
32
33
35
36
37
38
39
41
43
45
46
47
48
50
52
53
54
57
58
60
61
63
65
67
68
69
70
73
74
75
76
78
79
83
86
87
88
89
90
91
94
95
96
97
98
99
100
101
102
105
107
108
109
110
112
113
114
115
118
119
120
121
123
124
129
130
131
132
133
134
136
137
138
139
140
141
143
144
145
146
147
149
153
154
157
158
159
160
161
162
163
164
165
167
169
171
173
5
6
7
9
10
11
12
13
14
15
16
17
18
19
20
21
22
23
25
27
30
32
175
34
35
36
37
38
39
40
41
42
44
45
46
47
48
49
50
52
176
53
54
56
57
58
59
61
62
63
64
65
66
67
68
69
70
72
73
74
77
78
177
79
80
81
82
83
85
178
86
181
87
88
89
90
92
93
94
96
97
98
100
101
102
103
104
105
182
106
107
108
110
112
183
113
114
115
117
118
120
184
121
122
185
123
127
186
128
130
188
131
132
189
133
134
135
136
137
138
139
191
140
141
142
192
143
144
193
145
146
194
147
148
195
149
150
151
152
196
197
153
154
198
155
157
158
159
199
160
161
162
164
200
201
202
165
166
203
167
204
168
169
205
170
206
211
171
172
173
174
175
177
178
212
213
179
180
214
181
182
183
184
185
186
187
188
189
190
191
192
193
194
196
197
198
199
200
201
202
203
205
206
207
208
209
210
211
212
213
214
215
216
217
218
219
220
221
222
223
224
225
226
228
230
231
232
234
235
236
237
238
239
240
241
242
243
244
245
246
247
248
249
250
251
252
253
254
255
256
257
258
259
3
5
7
8
9
11
12
13
15
16
17
18
19
20
21
22
23
24
25
26
27
28
29
30
31
32
33
37
39
40
42
43
45
47
48
49
50
51
52
53
55
56
57
58
59
61
62
63
65
66
68
69
70
71
72
74
75
76
78
79
82
84
85
86
87
88
91
94
95
96
97
99
100
101
102
103
104
105
106
107
108
109
110
111
112
113
115
116
117
118
119
120
122
123
124
125
126
127
128
129
130
131
132
133
134
135
136
137
138
139
140
141
143
144
145
146
147
148
149
150
152
153
154
155
156
158
159
160
162
163
164
165
166
167
168
171
172
173
174
175
176
177
178
179
180
181
182
183
184
185
186
187
188
190
191
192
193
194
195
196
197
198
199
200
201
202
203
204
205
206
207
208
209
211
212
213
214
216
217
218
219
220
221
222
223
224
225
226
228
229
230
231
232
233
234
236
237
238
240
241
242
243
244
245
246
247
248
249
250
251
252
253
254
255
256
257
258
259
260
2
3
4
5
6
7
8
9
10
11
12
14
15
17
18
20
21
22
23
24
25
27
28
29
30
31
33
35
38
40
41
42
44
45
46
47
48
51
52
53
54
55
56
57
59
60
62
63
64
67
68
69
70
72
73
74
76
78
79
80
81
83
84
86
88
89
90
91
92
93
95
100
101
102
104
106
107
108
109
111
113
114
115
116
120
121
122
123
125
126
127
128
129
130
131
132
133
134
135
136
137
138
139
140
141
142
143
144
146
147
148
149
150
151
153
155
156
157
158
159
160
161
162
164
165
166
167
172
173
174
175
5
7
8
10
11
12
13
14
15
16
18
19
20
21
22
23
24
26
28
29
30
31
32
33
35
36
38
39
41
43
45
46
176
47
48
49
50
51
52
54
55
56
57
58
59
60
62
177
63
65
66
67
68
69
70
71
72
179
75
76
78
79
80
81
82
83
84
180
85
86
87
88
89
92
93
96
181
97
98
100
182
101
103
183
104
106
107
108
110
111
112
113
114
116
184
118
185
119
120
121
122
186
188
123
124
125
126
127
128
189
129
190
130
131
132
133
134
135
136
137
138
139
140
191
192
141
143
194
144
145
146
148
149
150
195
197
151
152
154
155
156
157
158
159
160
161
200
164
165
166
167
201
168
169
202
171
173
174
176
203
177
178
179
205
206
180
181
182
183
184
185
207
186
189
208
209
190
191
192
210
193
211
194
195
196
197
212
213
198
199
200
214
201
202
215
216
203
204
205
206
217
207
218
208
209
210
220
211
212
213
214
215
221
216
217
218
219
222
220
221
223
222
223
224
225
226
227
228
229
230
232
233
234
235
237
238
239
240
241
242
243
244
245
246
247
248
249
250
251
252
253
254
255
256
257
258
259
260
261
262
263
264
265
266
267
268
269
270
271
272
273
274
1
2
4
5
6
7
9
10
275
11
12
13
14
15
18
19
21
22
23
24
25
26
28
29
30
31
34
36
38
39
40
41
42
43
44
45
46
47
49
50
51
52
54
55
56
57
59
61
62
63
64
65
66
67
68
69
70
71
72
73
74
75
76
77
78
79
80
81
82
276
83
84
85
86
87
88
89
90
91
92
93
94
95
96
97
98
99
277
101
102
103
104
106
107
108
109
110
111
113
114
115
278
117
279
118
119
120
121
280
122
123
281
125
126
127
128
129
130
131
132
133
134
136
137
282
138
139
140
141
143
283
144
145
147
148
149
150
153
284
154
155
156
157
158
159
285
160
161
162
163
164
286
165
287
166
168
169
170
171
172
288
173
175
176
177
178
289
179
180
182
183
184
290
185
186
187
188
189
191
192
291
193
194
195
196
197
292
198
199
200
2
3
5
201
6
7
8
9
10
11
12
13
14
15
16
17
18
19
20
21
23
24
25
26
29
30
33
34
35
36
38
39
40
42
43
44
45
47
48
49
51
52
54
202
55
56
203
57
58
59
60
61
62
63
64
65
67
68
69
70
71
72
73
74
204
75
78
80
83
84
85
293
86
87
88
89
90
91
92
93
94
205
95
96
97
98
99
101
206
102
104
105
207
106
107
108
109
110
208
111
112
113
294
209
114
115
116
117
118
210
119
211
120
121
122
123
124
212
125
126
127
128
295
213
129
130
131
132
133
134
135
296
136
214
137
138
139
140
215
142
143
216
144
145
297
146
217
147
148
150
151
218
152
298
154
219
155
156
220
157
299
158
159
300
160
161
162
221
163
222
164
165
301
223
166
167
168
169
224
171
225
302
172
174
226
227
176
228
177
178
229
179
180
181
230
303
182
183
185
186
231
187
232
188
304
233
189
190
234
191
235
192
193
236
194
305
195
237
196
197
198
238
199
306
239
200
202
240
203
204
241
307
242
205
308
206
243
207
208
244
209
210
309
211
245
212
213
214
246
215
247
310
216
248
4
5
6
7
8
9
11
13
14
16
217
17
18
21
22
23
24
25
27
28
29
30
31
32
35
36
37
38
39
40
41
42
44
46
49
51
53
249
55
59
250
61
62
63
64
67
68
69
70
72
73
218
74
75
76
77
79
80
81
82
83
219
84
86
251
87
89
90
92
93
95
96
97
220
98
99
101
102
103
104
105
106
107
108
109
110
111
112
113
114
115
116
117
118
119
123
221
124
125
126
127
129
130
222
131
132
133
134
135
137
223
139
140
224
141
142
143
144
145
146
226
147
148
149
150
151
152
154
155
227
156
157
158
159
160
161
162
163
165
166
167
228
168
229
170
171
230
172
173
174
231
175
252
176
178
232
253
179
180
181
182
233
183
254
185
186
187
188
189
255
234
190
191
192
256
193
194
195
257
235
196
197
198
199
200
201
258
236
202
203
204
205
237
206
207
238
208
209
239
211
212
213
240
214
215
216
217
218
219
220
222
223
224
226
227
228
229
230
232
233
234
235
236
237
238
241
239
240
241
242
243
4
5
6
7
8
9
10
11
12
13
14
15
16
17
18
19
20
21
23
25
26
244
27
29
31
32
33
37
40
42
43
44
45
46
47
245
48
49
50
52
54
55
56
58
59
60
61
62
63
66
67
68
69
70
71
73
76
77
78
79
81
83
84
86
87
88
90
246
93
94
95
96
97
98
99
101
103
104
105
106
247
108
109
112
113
248
114
115
116
117
118
119
120
249
121
122
123
250
125
126
128
129
251
131
132
133
134
135
137
138
252
139
253
142
254
143
144
145
146
147
148
255
149
150
152
153
155
256
158
257
160
161
164
258
166
259
167
168
170
260
172
261
173
262
174
175
178
263
264
179
180
181
265
183
266
184
186
188
267
189
190
268
191
193
269
270
194
195
198
199
271
272
200
201
273
202
203
204
274
206
275
276
207
208
209
277
210
278
211
279
212
280
213
214
215
216
217
219
220
221
222
223
225
226
227
228
2
4
5
6
7
8
9
10
11
12
13
14
15
16
17
18
19
20
23
24
26
27
28
29
31
32
34
35
36
38
39
40
42
44
45
46
47
48
49
51
52
53
54
55
56
57
58
59
60
61
62
63
65
66
67
68
69
70
71
72
74
76
77
79
80
81
82
83
84
85
86
87
88
89
90
93
94
95
96
97
98
99
101
103
104
105
106
107
108
109
110
111
114
116
117
118
119
121
123
124
126
127
128
129
130
133
134
135
136
137
138
139
140
142
144
145
146
147
150
152
153
154
155
156
157
158
159
160
162
163
164
166
167
168
169
170
172
174
175
176
177
178
179
180
181
182
184
185
186
188
190
191
192
193
196
197
199
200
201
203
204
205
206
207
208
209
210
212
214
215
217
218
219
220
221
222
224
225
226
227
230
231
232
233
234
235
237
238
239
240
241
242
243
244
245
246
247
248
249
251
252
253
254
255
256
257
258
259
260
261
262
263
264
265
266
267
268
269
270
271
272
273
274
275
276
277
278
279
280
281
282
283
284
285
286
287
288
289
290
291
292
293
294
295
296
297
298
299
