2
4
5
6
1
2
3
4
6
2
4
5
6
2
3
4
5
6
2
4
5
6
4
5
6
2
4
5
6
2
4
5
6
1
2
4
5
6
4
5
6
1
4
6
2
4
6
2
3
4
5
6
7
2
4
5
6
2
4
6
1
4
5
6
2
4
5
6
4
5
6
1
2
4
6
1
2
4
6
4
5
6
2
6
4
6
2
6
1
4
5
6
2
4
5
6
1
2
4
6
2
3
4
6
1
2
4
6
2
4
5
6
2
4
5
6
6
2
4
5
6
2
4
6
4
6
2
4
5
6
4
5
6
2
3
4
5
6
2
4
6
4
6
4
6
2
5
6
2
6
1
2
4
6
4
6
2
4
6
1
4
6
4
6
4
6
5
6
