3
3
3
3
3
3
3
3
3
3
3
3
4
4
4
4
4
4
4
4
4
4
4
4
8
8
8
8
8
8
8
8
8
8
8
8
14
14
14
14
14
14
14
14
14
14
14
14
16
16
16
16
16
16
16
16
16
16
16
16
20
20
20
20
20
20
20
20
20
20
20
20
24
24
24
24
24
24
24
24
24
24
24
24
30
30
30
30
30
30
30
30
30
30
30
30
32
32
32
32
32
32
32
32
32
32
32
32
40
40
40
40
40
40
40
40
40
40
40
40
64
64
64
64
64
64
64
64
64
64
64
64
70
70
70
70
70
72
72
72
72
72
70
70
70
70
70
70
70
72
72
72
72
72
72
72
74
74
74
74
74
78
78
78
78
78
74
74
74
74
74
74
92
92
92
74
92
92
78
78
78
78
78
78
78
92
92
92
92
92
92
92
94
94
94
94
96
96
94
96
96
96
94
94
94
94
94
94
96
96
96
96
96
96
94
96
2
6
4
8
20
4
8
6
48
5
10
19
6
23
10
24
10
16
26
52
32
13
16
32
56
21
28
28
64
32
33
34
52
35
56
43
60
46
48
49
55
64
1
5
56
8
3
4
72
60
68
2
14
7
32
2
64
3
4
76
72
76
80
12
78
68
13
74
14
18
18
32
24
12
30
32
88
17
14
20
23
19
24
13
20
28
26
22
33
34
36
16
64
17
29
75
32
30
36
48
32
81
42
37
40
64
18
31
44
44
46
48
48
32
56
92
20
33
49
76
52
21
64
54
60
64
34
66
120
35
79
80
68
72
36
22
76
37
78
40
80
56
23
46
82
64
124
84
47
48
86
88
50
90
51
52
65
60
92
78
94
61
66
65
80
72
81
82
66
70
28
73
74
84
30
77
33
86
34
38
100
40
87
82
88
43
78
84
48
89
88
83
79
53
88
92
81
96
83
68
84
90
86
88
69
90
91
57
92
76
93
70
95
73
96
58
80
74
98
132
101
60
33
103
105
62
108
34
134
64
110
111
113
68
114
36
92
115
88
117
92
118
96
137
74
37
120
38
75
76
40
121
122
78
79
43
123
104
80
44
124
80
89
45
101
94
102
138
91
48
40
103
50
48
125
52
112
82
126
90
66
105
106
107
68
69
70
72
108
74
109
110
111
129
114
132
93
90
78
95
96
86
97
133
99
114
88
116
100
101
116
102
80
90
6
118
94
95
8
10
16
18
96
99
20
21
91
102
92
103
23
140
95
25
146
26
148
96
97
134
100
27
28
29
102
31
104
32
52
91
152
108
112
91
64
114
93
116
92
120
94
159
96
95
124
103
120
110
98
121
122
162
99
96
100
101
111
98
33
102
34
103
110
36
126
111
112
44
113
114
115
117
124
100
84
130
102
132
106
108
135
90
116
133
117
136
96
119
121
128
130
131
2
5
132
46
47
48
49
51
16
53
55
17
1
105
24
4
8
16
25
35
36
37
39
40
60
56
80
32
83
84
85
56
64
86
87
88
89
90
96
97
98
102
104
105
108
110
112
1
66
4
70
4
9
8
10
12
73
13
10
16
16
24
28
82
30
36
48
84
88
10
52
90
56
32
58
64
92
96
100
12
30
33
34
36
33
37
40
36
43
133
42
45
46
48
120
52
122
58
126
56
18
11
128
131
60
80
60
16
20
142
62
84
24
20
64
88
38
27
28
30
32
96
68
39
100
40
108
72
46
47
48
135
112
4
120
102
51
104
33
107
63
34
64
76
67
72
35
6
4
37
75
84
128
38
14
39
40
92
32
96
42
47
143
6
13
150
24
46
138
136
48
51
154
36
49
56
40
58
44
68
166
46
97
48
72
51
52
64
98
79
80
100
84
170
104
86
88
67
90
92
112
52
54
70
108
96
72
98
76
55
108
100
110
110
56
58
114
1
112
60
114
77
8
78
16
116
20
79
24
65
82
82
83
40
83
84
66
109
44
47
85
51
84
110
53
87
54
55
68
57
58
86
61
71
73
74
70
76
78
80
88
118
144
90
118
120
146
126
128
94
120
122
74
131
112
77
79
5
81
11
88
89
95
90
88
12
18
68
96
89
22
24
25
26
98
31
35
37
41
44
45
46
94
49
52
53
54
55
56
60
62
66
68
72
76
99
74
2
8
100
91
124
101
10
78
81
13
84
15
82
20
82
90
22
28
102
91
103
29
36
38
104
39
41
44
48
52
53
55
56
58
62
63
106
139
64
68
149
69
70
72
110
86
73
74
88
112
75
76
78
82
95
84
114
96
150
100
116
118
5
92
120
22
101
92
29
140
30
32
33
41
141
43
51
52
5
143
54
113
55
57
94
59
60
63
64
114
67
122
68
69
70
76
8
80
83
10
84
23
85
24
28
90
92
96
36
40
98
45
48
104
102
51
54
104
56
145
58
147
128
149
151
152
60
20
61
6
96
8
97
12
101
102
106
106
96
110
113
16
24
115
62
20
28
118
153
30
119
32
24
121
28
32
63
36
125
66
44
68
44
126
70
46
48
112
56
48
72
98
128
71
157
72
73
99
74
76
113
78
161
79
162
81
80
163
1
2
84
5
8
6
8
100
3
12
16
16
5
83
19
8
22
24
6
16
2
32
85
52
64
14
18
104
24
32
3
36
24
48
112
4
17
36
25
18
40
28
20
24
44
36
52
66
40
44
60
67
72
72
74
39
40
76
48
56
64
48
80
90
91
84
95
116
119
68
72
2
96
80
3
3
5
120
92
15
18
8
115
96
20
18
21
68
24
24
76
25
86
48
50
72
48
80
90
52
64
56
92
64
84
86
72
1
3
4
10
104
66
100
12
74
88
76
16
18
80
19
22
24
82
28
31
87
88
76
32
80
34
36
37
38
68
40
72
44
73
74
45
47
51
76
52
83
79
83
84
105
54
106
110
102
111
113
85
118
122
87
56
124
58
114
88
128
67
68
116
116
118
85
1
118
7
16
86
120
69
87
120
88
90
122
64
89
90
91
124
20
128
24
26
95
28
30
32
34
36
95
41
56
98
59
64
68
71
76
80
100
82
96
99
101
102
101
103
102
104
105
92
125
106
105
71
98
72
74
75
76
109
77
80
113
96
79
98
112
112
113
114
116
83
84
85
118
115
116
117
119
101
106
109
110
120
127
112
93
97
101
105
99
100
130
121
104
107
106
108
109
109
111
112
122
123
134
114
116
136
124
132
110
111
112
114
117
139
133
121
134
142
144
146
154
162
170
152
156
158
160
162
164
166
