2
3
4
5
6
7
8
9
10
11
12
13
14
16
17
18
19
20
21
22
23
26
27
28
30
31
32
33
34
35
36
37
38
39
40
41
42
4
5
6
7
9
10
11
12
14
15
16
17
18
19
20
21
22
23
24
25
26
27
28
29
30
31
32
33
34
35
36
37
2
5
7
8
9
11
12
13
15
17
18
19
20
21
22
23
24
25
27
28
30
31
32
33
34
35
36
37
38
39
40
41
42
43
44
45
46
47
48
49
1
2
4
6
7
8
10
12
13
14
15
16
17
18
19
20
22
23
24
25
26
29
30
31
32
33
34
35
36
37
38
39
40
41
43
44
46
47
48
49
50
51
52
53
54
55
57
58
59
60
61
62
63
5
6
7
8
9
10
11
12
13
14
16
17
18
19
20
21
23
25
26
27
28
29
30
31
32
33
34
35
36
37
38
39
40
41
42
43
44
3
4
5
6
7
8
9
10
12
13
14
15
16
17
18
20
21
22
26
27
28
29
30
31
32
33
34
35
36
37
38
39
40
42
43
44
46
47
48
49
50
51
53
54
55
4
5
6
7
8
9
10
11
13
15
16
17
18
19
21
22
23
24
25
26
27
28
30
31
32
35
36
38
40
41
43
44
45
46
47
48
49
50
51
52
53
54
55
57
58
59
60
61
62
63
64
65
66
67
68
3
5
6
7
8
9
10
11
13
14
15
16
18
19
21
23
24
25
26
27
28
30
31
33
34
35
36
38
39
40
41
42
44
45
46
47
2
3
4
5
6
7
8
9
10
11
12
13
15
16
18
19
20
23
24
25
26
28
30
31
32
33
34
35
36
37
38
39
40
41
42
43
44
45
46
47
48
49
50
4
5
6
7
8
9
10
12
13
14
15
16
18
19
20
21
22
23
24
26
27
29
31
32
33
34
35
36
37
38
39
40
41
42
43
3
5
8
9
10
11
12
13
14
15
17
18
20
21
22
23
25
26
28
31
33
35
36
38
39
41
42
45
46
50
51
52
54
55
56
58
60
61
63
65
66
67
68
69
70
71
72
73
74
5
7
8
10
11
12
13
14
15
16
17
18
19
20
21
22
24
25
26
27
29
30
31
32
33
34
35
36
38
40
41
42
44
45
46
47
48
49
50
51
52
53
54
55
1
2
4
5
9
11
12
13
14
15
17
18
19
20
23
24
25
26
27
28
29
30
31
33
34
35
36
37
38
39
40
41
42
43
44
45
46
47
48
49
3
5
6
7
8
9
10
11
12
14
15
17
19
20
21
22
23
24
25
26
27
28
29
30
31
32
33
34
35
36
37
38
39
40
42
43
44
45
46
47
48
49
50
51
2
4
5
6
7
8
9
11
14
15
16
17
18
19
20
21
22
23
24
25
26
27
28
29
30
31
32
33
34
35
36
37
38
39
40
41
42
44
45
46
47
48
49
50
51
52
53
54
55
56
57
58
59
3
5
6
7
8
9
10
11
12
13
14
15
16
17
18
19
20
21
22
23
24
25
26
27
28
29
30
31
32
33
34
35
36
37
38
39
40
41
42
43
44
45
46
47
48
1
2
3
4
5
6
7
8
9
10
11
12
15
16
18
20
21
22
23
24
25
26
27
28
29
30
31
32
33
34
35
36
37
38
39
40
41
42
43
44
45
46
47
48
49
7
8
9
10
12
13
14
17
18
19
20
21
22
23
24
26
28
29
30
31
32
33
34
35
36
37
38
39
40
41
42
43
44
45
46
47
48
49
50
51
52
53
54
3
4
5
6
7
8
9
10
11
12
13
14
15
16
17
18
19
20
21
22
23
24
26
28
29
31
32
33
34
35
37
38
39
40
41
42
43
44
45
4
5
6
7
8
9
10
11
13
14
15
16
17
18
19
20
21
22
23
24
25
26
27
28
30
31
32
33
34
35
37
38
39
40
41
42
43
44
45
4
5
6
7
8
9
10
11
12
13
14
16
17
18
19
22
24
25
26
27
28
30
31
32
33
36
39
44
46
47
48
49
50
51
52
53
54
57
58
60
61
62
63
64
65
66
67
68
69
70
71
72
73
2
3
4
5
6
7
8
9
10
11
12
13
14
15
17
18
19
21
22
23
24
25
26
27
28
30
31
32
33
34
35
36
37
39
41
42
43
44
45
46
47
49
50
52
54
55
56
57
58
59
60
61
62
4
5
6
7
8
9
10
11
12
13
14
15
16
17
19
21
22
23
25
26
27
29
30
31
32
33
34
35
36
37
38
39
42
43
44
45
46
47
48
49
50
51
52
53
54
55
56
57
58
59
61
62
63
64
4
6
7
8
9
10
11
12
13
14
15
16
17
18
20
21
22
23
24
25
26
27
28
29
30
32
33
34
35
36
37
38
39
40
41
42
43
44
45
46
47
48
49
50
51
52
53
54
1
2
3
4
5
6
7
8
9
10
11
12
13
14
15
16
17
18
19
20
21
22
23
24
25
26
27
28
29
30
31
32
33
34
35
36
37
38
39
40
41
42
43
44
45
46
47
48
49
50
51
52
53
54
55
56
57
58
59
60
61
4
5
6
7
8
9
10
11
12
13
14
15
16
18
19
20
21
22
23
24
25
26
27
28
29
30
31
32
33
34
35
37
38
39
40
41
43
44
46
47
48
49
50
51
52
53
54
55
56
57
59
60
61
62
63
64
65
66
67
68
69
70
71
4
5
6
7
8
9
10
11
12
13
14
15
16
17
18
19
20
21
22
24
25
27
28
29
30
31
32
33
35
36
37
38
39
40
41
42
43
44
45
46
47
2
5
6
7
8
9
10
11
13
14
15
17
18
19
20
21
22
23
24
26
27
28
29
30
31
32
33
34
35
36
37
38
39
40
41
42
43
44
45
46
47
48
49
50
51
52
4
5
6
7
8
9
10
11
13
14
16
17
18
19
20
21
22
24
25
26
27
29
30
31
32
33
35
37
38
39
40
41
42
43
44
45
46
2
3
4
5
6
7
8
9
10
11
12
13
14
15
16
18
19
20
21
22
23
24
25
26
27
28
29
30
31
32
33
34
35
36
37
38
39
40
41
42
43
44
45
46
47
48
49
50
51
52
53
54
55
4
5
7
8
9
10
11
13
14
15
16
17
18
19
20
21
22
23
24
25
26
27
28
29
30
31
32
34
35
36
37
38
39
40
41
42
43
44
45
46
47
48
49
3
5
6
7
9
10
11
13
15
16
17
18
19
20
21
22
23
24
25
26
27
29
31
32
33
34
35
36
37
38
39
40
42
43
45
47
48
49
50
1
2
5
6
7
8
9
10
12
13
16
17
18
19
20
21
22
23
24
25
26
27
28
29
30
31
32
33
34
35
36
37
38
39
40
41
42
43
4
5
6
7
8
9
10
12
13
14
17
18
19
21
22
24
25
26
27
28
29
30
31
32
33
34
35
36
37
38
39
40
41
42
1
3
4
5
6
7
8
9
10
11
12
13
14
15
16
17
18
19
20
21
22
23
24
25
27
28
29
30
32
33
34
35
37
38
39
40
41
42
43
45
46
47
48
49
50
51
52
4
5
6
7
8
9
10
11
12
13
14
15
16
17
18
19
20
21
22
23
24
25
26
27
28
29
30
31
32
33
34
36
37
38
39
40
41
44
45
46
47
48
49
50
51
52
53
54
55
56
57
58
59
60
61
5
6
7
8
9
10
11
12
13
14
15
17
18
19
20
21
22
23
24
25
26
27
28
29
30
31
33
34
35
36
37
38
39
40
41
42
43
44
45
46
47
48
49
50
51
52
3
4
5
6
7
8
9
11
12
14
15
16
17
19
21
22
23
24
25
26
27
28
29
30
32
33
34
36
37
38
40
41
42
43
44
45
46
47
48
50
51
52
54
55
56
57
58
59
60
61
62
64
65
66
67
68
4
5
6
8
9
10
12
13
14
16
17
18
19
21
22
23
24
25
26
27
28
29
30
31
32
33
34
35
40
41
42
43
44
45
47
48
49
50
51
52
53
54
55
56
57
58
59
61
62
63
64
65
66
67
68
69
70
71
3
4
5
6
7
8
9
10
11
12
13
14
15
16
17
18
19
20
21
22
23
24
25
26
27
28
29
30
31
32
33
35
36
38
39
40
41
43
45
46
47
48
49
50
51
52
53
54
55
57
58
59
61
62
63
64
65
66
67
68
69
70
4
5
6
7
8
9
10
12
14
15
16
18
19
21
22
24
25
26
27
28
29
30
31
32
33
34
35
36
37
38
39
40
41
42
43
44
45
46
4
5
6
8
9
10
11
13
14
15
16
17
18
19
20
21
22
23
24
26
28
29
30
31
32
33
35
36
38
39
40
41
42
43
44
45
46
4
5
6
7
8
9
10
11
12
13
14
15
16
17
18
19
20
21
22
23
24
25
26
28
29
30
32
33
34
35
36
37
38
39
40
41
42
43
44
45
46
47
48
49
3
5
6
7
8
9
10
11
13
14
16
17
18
19
20
21
22
23
27
28
29
30
32
33
34
35
36
37
38
39
41
42
43
45
46
47
48
49
50
51
52
53
54
55
56
57
2
5
6
7
8
9
11
12
13
14
15
16
17
18
19
20
21
22
24
25
26
27
28
30
31
32
33
34
35
36
37
38
39
41
42
43
44
45
46
47
48
49
50
51
52
53
54
55
56
57
3
4
5
6
7
8
10
11
12
13
14
15
16
17
18
19
20
22
23
24
25
26
28
29
30
32
35
36
37
38
39
40
41
42
43
44
45
46
3
4
5
6
7
8
9
10
11
12
13
14
15
16
18
19
20
21
23
24
25
26
27
29
30
32
33
34
35
37
38
39
40
41
42
43
44
45
46
3
5
6
7
8
9
10
11
13
14
15
17
18
19
20
21
22
23
24
25
26
27
28
29
30
31
32
33
34
35
36
38
39
41
42
43
44
45
46
47
48
49
50
2
3
4
5
6
7
8
9
10
11
12
13
14
15
16
17
18
19
20
21
22
23
24
25
26
27
28
29
30
31
33
34
35
36
37
38
39
40
42
43
44
45
46
47
48
49
50
51
52
53
5
6
7
8
9
11
12
13
14
15
16
18
19
20
21
22
23
24
26
27
30
31
32
33
34
36
37
38
39
41
43
46
47
48
49
50
51
52
53
54
55
56
57
58
60
61
62
63
65
66
67
68
69
70
71
