2
4
9
12
16
18
20
4
8
9
12
14
16
18
20
9
10
16
17
20
21
22
1
7
8
16
18
19
20
22
2
12
16
4
8
16
20
22
23
24
4
6
8
12
16
18
20
22
7
9
10
12
14
17
20
3
7
9
16
18
19
20
3
4
5
12
16
18
20
24
7
8
12
16
18
19
20
2
3
4
5
8
12
13
16
17
18
21
22
24
1
6
8
16
18
20
22
24
5
6
10
12
16
18
20
22
1
2
3
5
8
12
16
18
20
24
2
4
16
18
20
4
6
10
12
18
22
2
8
9
12
14
16
17
18
20
2
4
8
10
12
16
20
1
2
3
4
16
17
18
20
24
2
4
8
10
12
15
16
20
3
4
6
14
16
18
22
23
24
3
8
16
18
20
9
12
16
20
6
10
12
16
17
18
20
2
4
8
14
15
16
17
18
20
22
23
24
4
8
10
12
16
17
18
20
22
2
4
6
8
12
16
20
1
4
8
12
13
16
3
4
6
8
16
17
18
20
22
24
1
2
4
8
16
18
20
16
17
19
20
22
24
1
6
8
12
16
18
19
21
22
6
8
10
12
14
16
18
19
22
23
24
6
8
14
16
18
20
1
4
8
11
15
16
17
18
20
24
6
8
9
16
17
18
19
20
22
23
24
25
3
4
6
8
16
17
18
20
22
6
8
10
12
16
2
8
16
18
19
20
22
2
6
8
12
16
19
20
2
4
6
8
16
18
20
22
24
2
4
8
16
18
20
8
16
20
22
1
5
8
10
16
17
18
20
5
6
7
8
9
10
16
20
3
4
6
8
16
20
22
1
6
8
16
17
18
19
20
2
6
8
12
13
16
20
21
22
2
3
6
7
8
16
20
24
