1
2
3
4
5
7
8
9
10
11
12
13
14
16
17
18
19
20
22
23
24
25
26
27
28
29
30
31
32
33
34
35
36
37
39
40
41
42
43
3
4
5
6
7
8
9
10
12
13
14
15
16
17
18
19
20
22
23
25
26
27
28
29
3
4
5
6
7
8
9
10
11
13
14
16
17
18
19
20
21
22
23
24
25
26
28
29
30
31
32
33
34
35
36
37
38
39
40
41
42
3
4
5
6
7
8
9
10
11
12
14
15
16
17
18
19
20
21
22
23
24
25
26
27
28
2
3
4
5
6
7
8
9
10
11
12
13
15
16
17
18
19
20
21
22
24
25
26
27
28
30
31
32
33
34
35
36
37
38
4
5
6
7
8
9
11
12
13
14
17
18
19
20
21
22
23
24
25
26
27
28
29
30
31
4
5
6
7
8
9
10
11
12
13
14
15
16
17
18
19
21
22
23
25
26
27
28
29
30
31
2
3
4
5
6
7
8
9
10
11
12
13
14
15
16
17
20
21
22
24
25
26
27
28
29
30
31
32
33
35
36
37
38
39
40
41
3
5
6
7
8
9
10
11
13
14
15
16
17
18
19
20
21
22
23
24
25
26
27
28
29
30
31
32
33
34
35
36
37
2
4
5
6
7
9
10
11
12
13
15
16
17
18
19
20
21
22
23
24
25
26
28
29
31
32
33
34
35
36
3
4
5
6
7
8
9
10
11
12
13
14
16
18
19
20
21
22
23
24
25
26
27
28
29
30
31
1
3
4
5
6
7
8
9
10
11
12
13
14
15
16
17
18
19
20
22
23
25
26
27
29
30
31
32
33
34
35
36
37
38
2
3
4
5
6
7
8
9
10
11
12
13
14
15
16
17
18
19
21
22
23
24
25
26
27
28
29
30
3
4
5
6
7
8
9
10
11
12
13
14
15
16
17
18
19
20
23
24
25
26
27
28
29
30
31
32
33
34
3
4
5
6
7
8
9
10
11
12
13
14
15
17
18
19
20
22
23
24
25
26
27
28
29
30
31
32
33
34
3
6
7
8
9
11
13
14
15
16
17
18
19
20
21
22
23
24
25
26
27
3
4
5
7
8
9
10
11
12
13
15
16
17
18
19
20
21
22
23
24
25
26
27
28
29
30
31
32
33
34
2
3
6
7
8
9
10
11
14
15
16
17
18
19
21
22
23
24
25
26
27
28
29
30
31
33
34
35
38
39
40
41
42
43
44
45
3
5
6
7
8
9
10
11
12
13
14
15
16
17
18
19
20
21
22
23
24
25
26
27
2
3
5
6
7
8
9
10
11
13
14
16
17
18
19
20
22
23
25
26
27
29
30
31
32
33
3
4
5
7
8
9
10
11
12
13
14
15
16
17
18
19
21
22
23
24
25
26
27
28
29
30
32
33
34
35
36
37
38
39
40
3
4
5
6
7
8
9
10
11
12
13
14
15
17
18
20
21
22
23
24
25
26
27
28
29
30
2
3
5
6
7
8
9
10
11
12
13
15
16
17
19
20
21
22
23
25
26
27
28
29
30
31
32
2
3
4
5
7
8
9
10
11
12
13
14
15
16
17
18
20
23
24
26
27
29
30
31
33
34
35
36
37
38
39
3
4
5
6
7
8
9
10
11
12
13
14
15
16
17
18
19
20
21
22
23
24
25
26
27
3
4
6
7
8
10
11
12
13
14
15
16
17
18
19
20
21
22
23
24
25
26
27
28
3
4
5
6
7
8
9
10
11
12
13
14
15
17
18
19
20
21
22
23
24
25
27
28
29
31
32
33
34
35
36
37
38
3
4
5
6
7
8
9
10
11
12
14
16
17
18
19
20
22
24
25
28
29
30
31
32
33
34
35
36
37
38
39
40
41
42
43
44
45
2
3
4
5
7
8
9
11
12
13
14
16
17
18
19
20
23
24
25
26
27
28
29
30
31
32
33
3
4
5
7
8
10
11
12
13
14
15
16
17
18
19
21
22
23
24
25
26
27
29
30
31
32
33
34
36
37
38
39
40
41
42
43
44
2
3
4
5
6
7
8
9
10
11
12
13
14
15
16
19
20
21
22
23
24
25
26
27
28
29
30
31
32
3
4
5
6
7
8
9
11
13
14
15
16
17
18
21
22
23
24
26
27
28
29
30
31
2
3
5
6
7
8
9
10
11
12
13
14
15
16
17
18
19
20
22
23
24
25
26
28
29
30
31
32
33
34
35
36
37
1
3
4
5
7
8
9
10
11
12
13
14
15
16
17
18
19
20
21
22
23
24
25
26
27
28
29
30
31
32
33
34
35
36
2
5
6
7
8
9
10
11
12
13
14
15
16
17
18
19
20
21
23
24
25
26
27
28
29
30
31
32
33
34
35
36
2
3
4
6
7
8
9
10
11
12
13
14
15
16
17
18
19
20
21
22
23
24
25
26
27
28
29
3
4
5
6
7
8
9
10
11
12
13
14
15
16
17
18
20
21
22
23
24
25
26
27
28
29
30
31
34
35
36
37
38
3
6
7
8
10
11
12
13
14
15
16
17
18
19
20
21
22
23
24
25
26
27
3
4
5
6
7
8
9
11
12
13
14
15
16
17
18
19
20
21
22
24
25
26
27
28
29
30
31
32
5
6
7
8
10
11
12
13
15
16
17
19
21
22
23
24
26
27
29
30
31
32
33
34
35
36
37
38
39
40
41
42
4
5
7
8
9
10
11
12
13
14
15
17
20
21
22
23
24
25
26
27
29
30
31
33
34
35
36
37
4
5
6
7
8
9
10
12
13
14
15
16
17
18
20
21
22
23
24
25
26
27
2
3
4
5
6
7
8
10
11
12
13
14
15
16
17
18
19
20
21
22
23
24
25
1
2
6
7
8
9
10
11
12
13
14
15
16
17
18
19
20
21
22
23
24
26
27
28
29
30
32
33
34
35
36
37
38
3
4
5
6
7
8
9
10
11
12
13
14
15
16
17
18
19
21
22
23
24
25
26
27
28
29
30
3
4
5
6
7
9
10
11
12
13
14
15
17
18
19
20
21
22
23
24
25
26
27
4
5
6
7
8
9
10
11
12
13
14
18
19
21
22
23
24
25
26
27
28
29
30
3
4
5
6
7
8
10
12
13
14
15
16
17
18
19
20
21
22
23
24
25
26
27
28
29
30
31
32
2
3
4
5
8
10
11
13
15
17
18
19
20
21
22
24
26
27
29
30
31
32
33
34
36
37
38
39
41
42
43
44
45
2
3
4
5
6
7
8
9
10
11
12
13
14
15
16
17
20
21
22
23
24
25
26
27
28
29
30
31
