runId	fit_min	fit_max	fit_avg	fit_std	#evals	time	gen
1	0	1.77797e+07	23.566	8.98103	98500	979303	196
2	0	1.76922e+07	7.592	4.6524	99000	946417	197
3	0	1.77754e+07	2.476	1.26516	100000	989905	199
4	0	1.78594e+07	19.492	10.2346	97000	941987	193
5	0	1.77444e+07	4.508	1.59594	109500	972381	218
6	0	1.78087e+07	7.056	2.82574	111500	964998	222
7	0	1.77383e+07	2.38	1.13938	110000	966745	219
8	0	1.76008e+07	15.718	9.91964	101000	955056	201
9	0	1.77794e+07	5.426	3.21328	101000	973927	201
10	0	1.77116e+07	8.028	4.99772	97500	959324	194
11	0	1.79875e+07	2.322	1.0976	113000	994238	225
12	0	1.76867e+07	2.392	0.996153	122500	954084	244
13	0	1.75589e+07	13.442	7.30598	99500	965400	198
14	0	1.76669e+07	2.278	0.906841	108500	945227	216
15	0	1.77636e+07	14.274	1.41525	108000	939957	215
16	0	1.76755e+07	14.19	1.19027	113500	955481	226
17	0	1.75612e+07	15.926	2.95058	106500	968675	212
18	0	1.78406e+07	13.198	2.45578	101500	929343	202
19	0	1.7805e+07	2.294	0.830025	106500	973627	212
20	0	1.7725e+07	2.32	0.997793	130000	953265	259
21	0	1.77148e+07	28.532	6.65805	109000	978197	217
22	0	1.783e+07	4.674	1.80395	106000	955221	211
23	0	1.76919e+07	2.328	1.0072	102500	947223	204
24	0	1.77299e+07	6.604	1.52046	101000	943814	201
25	0	1.78635e+07	16.258	4.27035	122500	942475	244
26	0	61	17.75	190	95500	298195
27	0	61	17.75	190	95500	298311
28	0	61	17.75	190	95500	291963
29	0	61	17.75	190	95500	298507
30	0	61	17.75	190	95500	298008
31	0	61	17.75	190	95500	293842
32	0	61	17.75	190	95500	292053
33	0	61	17.75	190	95500	298393
34	0	61	17.75	190	95500	292201
35	0	61	17.75	190	95500	297722
36	0	61	17.75	190	95500	298126
37	0	61	17.75	190	95500	297859
38	0	46	14.586	208	104500	319366
39	0	26	14.332	215	108000	330918
40	0	23	14.348	204	102500	316244
41	0	75	16.92	194	97500	321992
42	0	46	16.446	234	117500	328757
43	0	4.39805e+012	8.79609e+009	277	139000	317850
44	0	21	14.31	236	118500	330314
45	0	17	6.444	234	117500	323498
46	0	32	7.274	199	100000	321285
47	0	18	2.538	212	106500	327056
48	0	9	2.312	218	109500	324831
49	0	10	2.52	204	102500	320997
50	0	12	2.29	213	107000	305444
