2
2
6
3
6
1
3
3
7
7
7
1
12
12
12
12
12
12
4
3
8
27
10
27
27
10
10
10
5
2
1
1
1
5
8
23
8
2
4
4
2
2
20
14
4
6
6
6
4
6
9
10
13
6
13
4
11
28
6
12
18
4
4
4
6
7
16
28
16
16
16
16
6
18
16
8
14
16
16
18
7
16
16
16
28
9
20
20
20
20
32
12
32
30
30
16
10
10
20
20
24
13
32
40
8
24
40
9
24
28
24
30
24
17
30
30
44
36
24
30
24
19
30
30
30
38
24
32
24
28
36
10
19
11
36
28
40
24
40
13
36
17
12
14
36
30
26
20
30
39
24
46
32
36
24
32
40
22
40
45
32
32
32
32
36
36
32
48
40
40
39
48
27
24
28
39
46
36
44
28
36
24
13
46
46
46
61
24
32
32
29
60
48
40
44
30
43
56
64
48
36
25
27
31
44
48
36
48
48
36
46
36
32
77
48
40
40
27
40
40
56
40
40
48
64
28
56
77
40
14
48
35
27
36
48
56
48
36
16
56
77
48
33
26
29
17
36
30
34
40
30
40
18
38
48
54
30
64
62
64
32
46
37
32
48
36
78
56
42
66
69
48
38
42
52
42
42
48
48
35
64
48
70
38
39
58
78
41
54
40
36
56
64
54
64
54
61
54
42
78
56
65
64
56
56
38
82
68
68
42
68
68
42
44
48
48
68
71
87
66
68
94
45
39
82
72
54
74
72
53
54
56
56
41
77
82
85
78
76
68
87
68
40
94
40
43
42
87
45
80
42
94
72
40
79
46
68
87
91
56
54
86
102
72
76
72
42
112
76
114
76
80
56
53
57
117
96
102
87
120
46
80
59
80
64
72
112
102
114
112
117
50
56
114
70
88
58
120
60
70
72
70
117
70
68
72
120
72
72
50
59
56
71
52
104
84
72
70
51
70
58
59
64
63
72
72
64
70
59
138
65
140
76
68
138
76
112
60
76
76
138
140
67
71
140
84
112
76
76
80
70
112
80
80
112
80
73
64
107
76
76
96
80
76
80
72
76
82
82
82
160
82
82
42
160
96
73
76
84
160
84
84
84
109
82
77
82
83
80
111
78
96
84
84
84
81
80
86
96
85
86
113
87
88
99
90
90
90
90
90
44
89
104
104
104
90
104
90
92
70
114
104
104
93
102
102
90
108
108
108
108
103
108
108
102
106
104
104
112
107
73
112
112
112
102
91
54
108
104
112
112
110
104
74
114
116
116
116
116
78
92
82
67
116
93
116
117
117
88
69
94
108
118
95
97
48
100
119
108
120
49
110
50
99
120
114
121
51
120
110
118
122
118
118
121
118
176
50
52
176
176
118
50
118
55
50
52
56
120
120
120
123
120
90
52
125
59
54
120
52
120
58
126
54
62
58
60
54
64
58
127
62
68
62
62
128
64
128
128
128
123
68
72
101
64
68
128
92
72
128
132
72
100
125
141
141
141
141
111
131
134
135
143
137
143
145
143
145
141
143
145
141
145
76
150
150
150
150
105
141
143
145
143
76
111
145
68
150
76
105
150
72
112
105
200
200
132
152
152
152
200
152
112
152
133
152
142
72
120
70
153
153
153
153
74
74
80
154
153
154
154
153
154
120
144
154
154
114
78
220
145
86
220
128
135
147
220
88
152
92
148
114
149
116
160
116
139
122
152
120
153
156
124
157
120
122
125
75
158
127
76
159
162
124
116
77
163
125
164
165
120
127
121
124
159
159
122
159
78
159
128
159
159
166
122
79
167
167
167
128
167
167
167
84
144
90
84
92
84
104
108
144
147
112
124
112
128
170
113
106
130
110
118
134
114
134
136
130
140
175
90
116
148
90
92
98
130
113
120
90
100
92
98
113
152
92
98
116
100
118
100
120
169
113
113
116
118
120
189
116
118
116
118
129
108
120
195
120
116
129
108
197
116
80
199
108
129
129
203
102
116
82
204
122
130
156
104
108
110
123
164
130
83
112
113
130
130
142
172
115
116
174
145
178
146
148
176
125
148
149
184
142
205
120
124
128
206
150
118
208
145
146
177
209
120
148
210
149
226
150
228
85
230
128
234
236
238
240
242
246
155
132
178
151
126
250
162
86
151
87
267
4
8
170
170
171
170
15
171
14
171
16
170
175
15
175
171
175
170
175
170
153
171
171
22
131
19
16
21
24
175
155
175
24
18
281
32
29
44
22
131
166
33
34
20
285
24
36
25
45
37
48
50
52
26
132
42
27
57
131
153
131
28
58
44
59
60
62
64
49
132
51
66
54
155
291
30
133
72
157
76
68
127
130
84
168
24
31
30
32
132
136
132
70
33
72
36
133
39
89
295
94
41
48
51
52
58
45
78
60
298
80
47
82
84
135
50
89
133
96
92
64
133
99
52
101
68
157
12
136
76
53
59
102
135
60
61
64
100
88
65
66
179
67
68
90
136
69
70
92
135
104
72
124
135
93
73
124
183
183
74
2
183
75
3
308
16
138
136
20
136
187
124
183
187
4
187
140
25
28
30
124
76
40
187
138
48
64
77
199
78
199
183
94
72
183
199
140
79
141
6
138
80
199
187
138
187
8
12
140
140
143
14
141
18
20
132
199
183
146
24
199
26
136
140
28
29
148
33
144
143
36
141
148
81
132
141
96
1
172
146
136
4
140
105
132
177
143
160
148
144
184
136
143
140
106
148
182
88
185
146
10
144
132
146
148
12
14
16
148
136
144
148
20
24
32
152
160
64
168
176
184
65
200
80
138
132
164
96
140
166
172
176
204
208
94
159
96
128
212
216
112
98
220
161
163
189
207
207
165
85
136
167
207
134
100
169
207
191
87
137
138
140
102
144
142
104
105
159
211
211
3
106
108
5
211
135
144
207
211
207
11
88
89
161
170
180
163
311
184
165
173
17
167
192
169
160
315
96
18
211
194
19
211
21
24
26
30
112
34
116
36
192
99
37
321
46
54
176
55
188
57
58
102
61
62
195
104
170
105
108
197
110
112
325
173
64
66
68
214
214
70
329
214
215
215
73
214
113
215
118
74
333
215
115
75
176
116
76
117
118
122
179
198
214
180
214
124
181
182
215
128
80
215
183
184
185
90
9
84
98
91
99
100
92
106
93
108
94
95
6
96
110
186
12
112
97
136
119
4
12
14
16
24
10
32
136
200
20
34
36
120
38
40
16
43
179
24
44
48
54
26
113
56
34
66
114
68
1
180
181
38
182
2
4
183
8
72
64
184
185
4
188
2
116
8
202
45
80
101
118
204
120
5
6
21
10
186
12
8
20
12
23
25
13
74
18
26
20
26
24
28
29
84
28
37
32
32
33
38
34
36
40
47
20
1
104
96
39
43
24
48
44
51
51
335
52
56
54
58
141
3
60
58
337
62
83
68
32
94
128
70
16
95
96
75
70
97
79
72
82
64
74
90
76
98
99
188
106
107
96
195
96
17
64
108
109
100
128
110
111
119
120
112
3
2
123
18
19
189
20
125
7
126
24
127
132
160
8
134
68
6
84
28
135
137
11
138
72
141
12
118
146
162
30
148
225
98
16
196
100
225
32
164
137
191
34
149
225
36
88
227
225
166
168
227
8
108
150
12
16
227
190
227
142
116
2
151
153
144
9
17
192
120
155
204
176
193
80
19
120
339
20
21
180
39
48
213
22
26
29
30
30
32
184
31
32
11
34
54
36
39
188
215
60
41
34
43
225
45
13
47
48
225
216
63
15
64
22
51
52
24
205
72
56
227
27
60
37
80
227
209
163
71
189
84
90
76
96
132
341
92
40
112
78
81
41
32
43
36
83
138
84
44
110
142
112
47
116
114
191
49
108
119
218
120
342
122
124
112
165
126
130
193
53
126
54
128
57
219
143
59
169
145
129
166
131
168
220
133
135
62
179
180
173
64
136
138
140
142
66
98
144
100
128
222
146
104
184
138
118
148
68
224
226
185
140
186
119
120
148
141
158
72
146
151
164
152
66
144
74
67
37
174
153
76
68
162
73
163
41
168
79
43
176
166
227
80
44
131
157
84
122
105
124
211
45
132
113
92
46
159
150
180
195
196
170
49
50
114
198
160
100
174
152
116
136
51
203
213
140
154
207
228
156
105
53
107
160
208
54
108
56
132
109
111
147
140
20
141
164
172
163
229
343
142
164
231
188
189
120
195
143
165
144
166
232
174
124
144
102
32
344
172
191
39
174
195
112
62
193
148
113
198
176
40
64
108
124
116
235
203
237
177
195
239
207
68
48
126
128
70
208
72
80
131
82
134
64
84
240
92
176
100
151
108
152
250
153
74
76
154
68
252
72
256
155
77
156
130
157
74
158
138
78
78
79
116
142
82
117
107
84
120
178
108
86
257
87
162
164
88
166
110
168
197
197
89
198
200
170
90
111
114
92
201
93
202
179
103
85
104
106
107
146
119
172
174
180
87
128
170
132
123
130
182
89
125
132
206
135
138
91
126
93
182
128
136
137
129
210
141
183
95
142
131
214
184
143
144
216
152
217
134
176
139
226
180
140
141
144
142
148
194
196
198
202
182
204
227
206
228
184
144
208
230
209
231
233
152
154
180
145
192
149
150
200
151
185
208
154
155
186
156
237
157
158
161
162
163
165
239
167
168
170
171
174
176
178
180
182
183
188
