2
6
10
12
16
20
26
28
29
32
34
35
3
4
16
18
20
24
28
29
31
32
34
36
1
8
10
14
16
20
24
30
32
34
37
38
1
16
18
20
24
28
2
4
8
14
16
20
26
28
29
30
2
5
10
18
21
22
23
24
32
33
36
38
1
4
8
12
16
17
18
20
24
25
28
29
32
34
36
37
39
40
41
42
43
1
2
16
24
12
13
16
17
18
20
21
22
24
25
26
2
4
6
7
16
17
18
20
22
24
28
32
36
2
5
8
16
18
20
22
23
24
30
32
34
36
2
14
16
24
26
27
28
29
30
1
3
8
12
16
18
25
27
28
6
7
8
16
24
26
28
30
33
34
35
36
37
38
2
3
4
8
16
18
24
26
29
30
2
3
4
6
8
12
16
24
1
4
9
10
14
17
18
20
24
28
29
30
32
33
34
35
36
37
38
39
41
1
4
8
12
14
16
20
24
25
26
28
29
30
31
32
36
3
8
12
16
18
20
22
24
28
30
32
36
37
39
1
5
8
12
15
16
18
23
25
26
27
28
29
30
31
33
34
36
37
4
6
8
10
12
14
16
20
24
28
32
33
34
36
38
39
40
42
3
4
8
12
14
16
20
21
24
1
2
5
8
9
12
16
20
21
24
25
26
28
32
34
35
36
3
6
8
12
15
16
18
28
32
4
5
8
16
18
19
20
24
30
1
6
8
10
16
20
24
6
8
10
11
16
17
20
22
24
26
27
28
29
30
32
33
34
35
36
38
39
40
2
3
4
8
12
16
18
19
22
23
24
28
1
2
4
7
8
14
16
20
24
28
32
7
12
16
24
25
28
30
7
8
11
12
13
14
15
16
18
19
20
21
23
25
27
29
30
31
32
34
2
4
5
6
8
10
11
12
13
18
20
22
26
28
29
30
32
33
34
35
37
38
40
2
3
6
12
16
18
19
20
21
22
23
24
25
26
27
28
29
33
34
16
20
28
2
4
8
13
14
16
22
24
26
28
2
12
16
18
20
22
23
24
27
30
32
38
40
42
44
45
46
48
2
4
5
7
11
16
21
22
24
25
28
31
34
6
8
11
12
16
20
21
22
28
30
32
33
34
4
5
12
16
24
26
28
33
34
35
2
4
16
20
22
24
26
28
30
32
34
36
38
6
8
12
13
14
15
16
17
20
22
25
26
3
6
12
16
20
21
23
26
27
29
30
31
32
36
37
6
15
16
17
18
20
21
23
24
28
30
32
34
36
38
4
16
24
26
27
28
29
30
32
34
6
8
10
12
16
20
24
25
26
27
30
32
34
36
37
39
4
8
11
16
19
22
24
32
34
36
37
38
4
6
8
9
10
12
18
22
24
25
26
27
28
3
6
8
14
16
17
18
19
20
22
24
26
4
6
7
8
11
16
20
21
23
24
25
27
29
30
32
38
1
2
4
12
20
24
